tf_pair,touch_type,bias_filter,zone_role_filter,age_filter,direction,entry_mode,sl_mode,tp_mode,fixed_rr,sl_atr_mult,cascade_filter,cascade_lookback,cascade_direction,session_filter,touch_policy,max_replacement_count,min_bias_strength,birth_pattern_filter,retest_number_filter,time_since_creation_filter,parent_tf_boundary_filter,inside_w_zone_filter,d_to_w_filter,near_pdh_pdl,premium_discount,layered_sl_mode,hma_filter,hma_cross_trigger,hma_cross_lookback,hma_period,hma_source,total_candidates,passed_filters,num_trades,total_trades,wins,losses,win_rate,tp_hits,sl_hits,total_pnl_pips,avg_pnl_pips,median_pnl_pips,std_pnl_pips,avg_win_pips,avg_loss_pips,largest_win_pips,largest_loss_pips,total_r,avg_r,median_r,std_r,avg_win_r,avg_loss_r,largest_win_r,largest_loss_r,sharpe,sortino,sqn,calmar,max_dd_pips,max_dd_r,profit_factor,expectancy_pips,expectancy_r,gross_profit_pips,gross_loss_pips,max_win_streak,max_loss_streak,avg_hold_hours,avg_win_hold_hours,avg_loss_hold_hours,long_trades,long_wins,long_win_rate,long_avg_r,short_trades,short_wins,short_win_rate,short_avg_r,signal_type_wick_touch_n,signal_type_wick_touch_wr,struct_cls_none_n,struct_cls_none_wr,zone_tf_h4_n,zone_tf_h4_wr,exit_reason_sl_hit_n,exit_reason_sl_hit_wr,exit_reason_tp_hit_n,exit_reason_tp_hit_wr,exit_reason_end_of_data_n,exit_reason_end_of_data_wr,zone_tf_h1_n,zone_tf_h1_wr,zone_tf_m15_n,zone_tf_m15_wr,zone_tf_d1_n,zone_tf_d1_wr,signal_type_body_close_n,signal_type_body_close_wr,signal_type_break_through_n,signal_type_break_through_wr,signal_type_near_miss_n,signal_type_near_miss_wr
H1@H4,wick_touch,any,any,any,both,market,zone,fixed_rr,2.0,1.5,none,20,same,any,until_broken,999,0,any,any,any,any,any,any,any,any,own,any,none,20,24,close,102673,21292,1075,1075,337,738,0.31348837209302327,336,738,-79197.91071428587,-73.67247508305663,-685.903571428571,3846.0807141840874,3696.04302670623,-1795.0737272551296,24125.785714285666,-38461.13928571421,-65.82956680568778,-0.06123680633087236,-1.0,1.3909784664323825,1.9945710183807484,-1.0,2.000000000000005,-1.0,-0.044024266233203525,0.0,-1.4434320970086825,-0.6582956680568778,170009.2750000005,100.0,0.9402173623674082,-73.67247508305672,-0.06123680633087236,1245566.4999999995,1324764.4107142857,6,12,166.5274418604651,211.6587537091988,145.91869918699186,565.0,204.0,0.36106194690265486,0.0799476693704641,510.0,133.0,0.2607843137254902,-0.21764705882352942,1075.0,0.31348837209302327,1075.0,0.31348837209302327,1075.0,0.31348837209302327,738.0,0.0,336.0,1.0,1.0,1.0,,,,,,,,,,,,
H1@H4,wick_touch,with_daily,any,any,both,market,zone,fixed_rr,2.0,1.5,none,20,same,any,until_broken,999,0,any,any,any,any,any,any,any,any,own,any,none,20,24,close,102673,5332,743,743,238,505,0.3203230148048452,237,505,248.61428571415308,0.334608729090381,-645.7607142857114,3387.3657613767405,3438.0518007202872,-1619.817256011315,18954.928571428536,-15794.303571428554,-30.688360850832954,-0.041303312046881493,-1.0,1.3988007898252417,1.9929060468452398,-1.0,2.000000000000029,-1.0,-0.029527658511003342,0.0,-0.8048656934773802,-0.5030878828005402,108658.33571428627,61.00000000000001,1.000303926578408,0.33460872909063255,-0.041303312046881424,818256.3285714283,818007.7142857141,4,15,146.55450874831763,190.11764705882354,126.02376237623763,424.0,160.0,0.37735849056603776,0.12809348855935623,319.0,78.0,0.2445141065830721,-0.2664576802507837,743.0,0.3203230148048452,743.0,0.3203230148048452,743.0,0.3203230148048452,505.0,0.0,237.0,1.0,1.0,1.0,,,,,,,,,,,,
H1@H4,wick_touch,with_daily,any,fresh_young,both,market,zone,fixed_rr,2.0,1.5,none,20,same,any,until_broken,999,0,any,any,any,any,any,any,any,any,own,any,none,20,24,close,102673,4302,716,716,229,487,0.3198324022346369,228,487,-13046.282142857435,-18.221064445331614,-656.6232142857302,3344.837117769503,3360.2420149719255,-1606.8618143150484,18954.928571428536,-19458.782142857126,-30.688360850832954,-0.042860839177140994,-1.0,1.3981915342748434,1.992627245192869,-1.0,2.000000000000029,-1.0,-0.03065448339977991,0.0,-0.8202580718257428,-0.432230434518774,96917.982142858,71.0,0.9833283234831883,-18.221064445331876,-0.04286083917714112,769495.421428571,782541.7035714285,4,15,124.31005586592178,189.3755458515284,93.71457905544148,397.0,149.0,0.37531486146095716,0.12169178626994218,319.0,80.0,0.2507836990595611,-0.2476489028213166,716.0,0.3198324022346369,716.0,0.3198324022346369,716.0,0.3198324022346369,487.0,0.0,228.0,1.0,1.0,1.0,,,,,,,,,,,,
H1@H4,wick_touch,with_daily,continuation,any,both,market,zone,fixed_rr,2.0,1.5,none,20,same,any,until_broken,999,0,any,any,any,any,any,any,any,any,own,any,none,20,24,close,102673,3819,734,734,236,498,0.3215258855585831,236,498,60107.9249999994,81.89090599454958,-701.2678571428751,3769.0820262520606,3564.709140435833,-1568.601269363167,42483.29999999987,-15794.303571428554,-25.99999999999998,-0.03542234332425065,-1.0,1.4021417154759075,2.0,-1.0,2.000000000000029,-1.0,-0.02526302650672353,0.0,-0.6844368875777306,-0.4333333333333331,109673.32857142942,59.99999999999998,1.0769466702186938,81.89090599454971,-0.03542234332425076,841271.3571428566,781163.4321428571,6,14,127.1975476839237,175.08898305084745,104.50200803212851,409.0,154.0,0.3765281173594132,0.12958435207823965,325.0,82.0,0.2523076923076923,-0.24307692307692308,734.0,0.3215258855585831,734.0,0.3215258855585831,734.0,0.3215258855585831,498.0,0.0,236.0,1.0,,,,,,,,,,,,,,
H1@H4,wick_touch,with_daily,continuation,fresh_young,both,market,zone,fixed_rr,2.0,1.5,none,20,same,any,until_broken,999,2,any,any,any,any,any,any,any,any,own,any,none,20,24,close,102673,2397,659,659,207,452,0.3141122913505311,206,453,13017.48571428519,19.753392586168726,-659.3928571428705,3316.7007128774017,3289.1481366459593,-1477.513669405815,31119.007142857117,-15794.303571428554,-38.999999999999964,-0.05918057663125943,-1.0,1.3918411618881343,1.9951690821256038,-1.0,2.000000000000029,-1.0,-0.04251963388622352,0.0,-1.0915213219055242,-0.5131578947368418,131013.4785714293,75.99999999999997,1.019492034322146,19.753392586168502,-0.05918057663125953,680853.6642857136,667836.1785714284,5,13,104.50834597875568,156.85507246376812,80.53539823008849,365.0,133.0,0.3643835616438356,0.09315068493150695,294.0,74.0,0.25170068027210885,-0.24829931972789115,659.0,0.3141122913505311,659.0,0.3141122913505311,659.0,0.3141122913505311,453.0,0.002207505518763797,206.0,1.0,,,,,,,,,,,,,,
M15@H4,wick_touch,any,any,any,both,market,zone,fixed_rr,2.0,1.5,none,20,same,any,until_broken,999,0,any,any,any,any,any,any,any,any,own,any,none,20,24,close,118270,14233,523,523,159,364,0.30401529636711283,158,364,-74744.66785714315,-142.9152349084955,-960.2464285714177,3988.735188716062,3989.6602425875967,-1948.0786989795906,19302.035714285557,-35771.27857142859,-47.72218055201575,-0.09124699914343354,-1.0,1.378351142970824,1.9891686757734859,-1.0,2.00000000000001,-1.0,-0.06620011134953947,0.0,-1.5139431397604124,-0.8676760100366496,148720.3750000004,55.00000000000002,0.8945923004955655,-142.91523490849545,-0.0912469991434336,634355.9785714279,709100.646428571,5,15,60.71749521988528,78.53301886792453,52.93543956043956,284.0,100.0,0.352112676056338,0.05027401214078963,239.0,59.0,0.24686192468619247,-0.2594142259414226,523.0,0.30401529636711283,523.0,0.30401529636711283,523.0,0.30401529636711283,364.0,0.0,158.0,1.0,1.0,1.0,,,,,,,,,,,,
M15@H4,wick_touch,with_daily,any,any,both,market,zone,fixed_rr,2.0,1.5,none,20,same,any,until_broken,999,0,any,any,any,any,any,any,any,any,own,any,none,20,24,close,118270,4170,407,407,139,268,0.3415233415233415,138,268,89957.22857142784,221.02513162512983,-788.9928571428527,4538.271220400878,4213.877852004105,-1849.8947494669508,48734.34285714284,-18690.403571428487,8.323271621108438,0.020450298823362256,-1.0,1.4211061146295079,1.9879372059072546,-1.0,2.0000000000000164,-1.0,0.014390409423221565,0.0,0.2903155878191063,0.39634626767183034,40305.25714285709,21.0,1.1814488639077316,221.0251316251297,0.020450298823362134,585729.0214285706,495771.7928571428,4,14,43.483415233415236,57.77517985611511,36.07089552238806,235.0,91.0,0.3872340425531915,0.15456711328131248,172.0,48.0,0.27906976744186046,-0.16279069767441862,407.0,0.3415233415233415,407.0,0.3415233415233415,407.0,0.3415233415233415,268.0,0.0,138.0,1.0,1.0,1.0,,,,,,,,,,,,
M15@H4,wick_touch,with_daily,any,fresh_young,both,market,zone,fixed_rr,2.0,1.5,none,20,same,any,until_broken,999,0,any,any,any,any,any,any,any,any,own,any,none,20,24,close,118270,3667,373,373,126,247,0.3378016085790885,125,247,31556.410714284917,84.60163730371292,-829.6857142857334,3926.281417222108,3987.9289115646216,-1906.5693609022562,18852.921428571426,-18690.403571428487,3.3232716211084354,0.008909575391711624,-1.0,1.41713296778826,1.9866926319135587,-1.0,2.0000000000000164,-1.0,0.006287042637655186,0.0,0.12142296163671008,0.1107757207036145,53362.15000000002,30.000000000000007,1.0670097560839085,84.60163730371323,0.008909575391711555,502479.04285714234,470922.6321428573,4,13,43.84450402144772,57.40277777777778,36.928137651821864,212.0,82.0,0.3867924528301887,0.15246826236371905,161.0,44.0,0.2732919254658385,-0.18012422360248448,373.0,0.3378016085790885,373.0,0.3378016085790885,373.0,0.3378016085790885,247.0,0.0,125.0,1.0,1.0,1.0,,,,,,,,,,,,
M15@H4,wick_touch,with_daily,continuation,any,both,market,zone,fixed_rr,2.0,1.5,none,20,same,any,until_broken,999,0,any,any,any,any,any,any,any,any,own,any,none,20,24,close,118270,2989,400,400,130,270,0.325,130,270,76272.10714285584,190.6802678571396,-805.1678571428511,4486.934586912155,4208.733901098895,-1743.93814814815,48734.34285714284,-15134.507142857092,-9.999999999999972,-0.024999999999999925,-1.0,1.4068842554633545,2.0,-1.0,2.0000000000000164,-1.0,-0.017769763150676687,0.0,-0.35539526301353375,-0.2857142857142851,48795.9785714288,34.99999999999998,1.1619835462709789,190.68026785713982,-0.025000000000000022,547135.4071428564,470863.3000000005,5,14,38.959375,53.17115384615385,32.11666666666667,224.0,82.0,0.36607142857142855,0.09821428571428585,176.0,48.0,0.2727272727272727,-0.18181818181818182,400.0,0.325,400.0,0.325,400.0,0.325,270.0,0.0,130.0,1.0,,,,,,,,,,,,,,
M15@H4,wick_touch,with_daily,continuation,fresh_young,both,market,zone,fixed_rr,2.0,1.5,none,20,same,any,until_broken,999,2,any,any,any,any,any,any,any,any,own,any,none,20,24,close,118270,1961,315,315,107,208,0.3396825396825397,107,208,43752.489285713535,138.89679138321756,-802.0607142857216,3888.9236553776004,3871.562950600798,-1781.2728193681337,27364.142857142724,-15134.507142857092,6.0000000000000275,0.01904761904761914,-1.0,1.4230649105938287,2.0000000000000004,-1.0,2.0000000000000164,-1.0,0.013384926369711966,0.0,0.23755887688238972,0.2608695652173925,47837.175000000025,23.0,1.1180888766134833,138.896791383218,0.019047619047619202,414257.2357142854,370504.7464285718,5,12,36.093650793650795,45.074766355140184,31.473557692307693,181.0,65.0,0.35911602209944754,0.0773480662983427,134.0,42.0,0.31343283582089554,-0.05970149253731343,315.0,0.3396825396825397,315.0,0.3396825396825397,315.0,0.3396825396825397,208.0,0.0,107.0,1.0,,,,,,,,,,,,,,
M15@H1,wick_touch,any,any,any,both,market,zone,fixed_rr,2.0,1.5,none,20,same,any,until_broken,999,0,any,any,any,any,any,any,any,any,own,any,none,20,24,close,173461,33514,1617,1617,513,1104,0.3172541743970315,506,1110,-46097.82857142885,-28.508242777630706,-459.25357142859866,2606.0075020653762,2313.990685045948,-1117.0063858695653,24816.2928571428,-29551.014285714336,-85.54430614974908,-0.05290309594913363,-1.0,1.39164811167847,1.985293750195421,-1.0,2.0,-1.0,-0.038014707529281294,0.0,-1.528645082242441,-0.589960732067235,113066.66428571363,145.0,0.9626185847893787,-28.508242777630812,-0.05290309594913367,1187077.2214285713,1233175.05,5,18,20.521335807050093,28.185185185185187,16.96014492753623,883.0,314.0,0.3556058890147225,0.06053872463222075,734.0,199.0,0.27111716621253407,-0.1893732970027248,1617.0,0.3172541743970315,1617.0,0.3172541743970315,,,1110.0,0.005405405405405406,506.0,1.0,1.0,1.0,1617.0,0.3172541743970315,,,,,,,,,,
M15@H1,wick_touch,with_daily,any,any,both,market,zone,fixed_rr,2.0,1.5,none,20,same,any,until_broken,999,0,any,any,any,any,any,any,any,any,own,any,none,20,24,close,173461,11645,1393,1393,458,935,0.3287867910983489,453,939,-60101.45714285779,-43.14533893959641,-435.2642857142655,2533.423425765229,2156.6182158452903,-1120.6765775401077,30802.278571428724,-29551.014285714336,-24.20424070861349,-0.017375621470648594,-1.0,1.4058612602217568,1.9886370290204944,-1.0,2.0,-1.0,-0.012359414091763088,0.0,-0.46128936422976313,-0.372372933978669,116382.33214285708,65.00000000000001,0.9426421194159661,-43.1453389395964,-0.01737562147064864,987731.142857143,1047832.6000000008,7,19,15.54289303661163,20.544213973799128,13.093048128342247,785.0,274.0,0.3490445859872611,0.041778037313868165,608.0,184.0,0.3026315789473684,-0.09375,1393.0,0.3287867910983489,1393.0,0.3287867910983489,,,939.0,0.004259850905218318,453.0,1.0,1.0,1.0,1393.0,0.3287867910983489,,,,,,,,,,
M15@H1,wick_touch,with_daily,any,fresh_young,both,market,zone,fixed_rr,2.0,1.5,none,20,same,any,until_broken,999,0,any,any,any,any,any,any,any,any,own,any,none,20,24,close,173461,8692,1192,1192,389,803,0.3263422818791946,387,804,-118477.16071428698,-99.39359120326088,-447.5374999999758,2456.776758380991,2156.700376423061,-1192.320805906423,15275.364285714386,-29551.014285714336,-27.20424070861349,-0.022822349587762997,-1.0,1.405283411916249,1.994333571443153,-1.0,2.0,-1.0,-0.01624038922984394,0.0,-0.560705171070771,-0.4459711591575981,131683.0750000004,61.000000000000014,0.8762554814972051,-99.39359120326094,-0.02282234958776308,838956.4464285707,957433.6071428576,6,16,16.24643456375839,20.340616966580978,14.26307596513076,672.0,234.0,0.3482142857142857,0.04136273704075374,520.0,155.0,0.2980769230769231,-0.10576923076923077,1192.0,0.3263422818791946,1192.0,0.3263422818791946,,,804.0,0.0012437810945273632,387.0,1.0,1.0,1.0,1192.0,0.3263422818791946,,,,,,,,,,
M15@H1,wick_touch,with_daily,continuation,any,both,market,zone,fixed_rr,2.0,1.5,none,20,same,any,until_broken,999,0,any,any,any,any,any,any,any,any,own,any,none,20,24,close,173461,8475,1278,1278,414,864,0.323943661971831,412,865,-79868.68571428694,-62.49505924435598,-463.4017857142908,2613.2619833084805,2211.6619651483766,-1152.1953000992073,30802.278571428724,-29551.014285714336,-38.20424070861349,-0.02989377207246752,-1.0,1.402674245275833,1.9946757470806438,-1.0,2.0,-1.0,-0.021311984712878915,0.0,-0.7618848239003952,-0.47755300885766855,109381.4714285712,80.00000000000001,0.9197700177585774,-62.495059244356185,-0.02989377207246746,915628.0535714279,995496.739285715,6,26,15.898865414710485,20.842391304347824,13.530092592592593,715.0,245.0,0.34265734265734266,0.024889173834107006,563.0,169.0,0.30017761989342806,-0.0994671403197158,1278.0,0.323943661971831,1278.0,0.323943661971831,,,865.0,0.0011560693641618498,412.0,1.0,1.0,1.0,1278.0,0.323943661971831,,,,,,,,,,
M15@H1,wick_touch,with_daily,continuation,fresh_young,both,market,zone,fixed_rr,2.0,1.5,none,20,same,any,until_broken,999,2,any,any,any,any,any,any,any,any,own,any,none,20,24,close,173461,4718,878,878,297,581,0.33826879271070615,296,581,-50480.01071428654,-57.49431744223979,-451.31428571429524,2592.1870711636084,2209.209427609426,-1216.2051819522999,16095.442857142916,-29551.014285714336,11.795759291386512,0.013434805571055251,-1.0,1.4188319505482136,1.9959453174794157,-1.0,2.0,-1.0,0.00946891953332758,0.0,0.28057416808918706,0.40675032039263814,104820.7785714289,29.000000000000014,0.9285608207283584,-57.49431744224,0.013434805571055253,656135.1999999995,706615.2107142862,6,16,15.73234624145786,19.877104377104377,13.613597246127366,517.0,181.0,0.35009671179883944,0.047960849693204084,361.0,116.0,0.32132963988919666,-0.036011080332409975,878.0,0.33826879271070615,878.0,0.33826879271070615,,,581.0,0.0,296.0,1.0,1.0,1.0,878.0,0.33826879271070615,,,,,,,,,,
M5@H1,wick_touch,any,any,any,both,market,zone,fixed_rr,2.0,1.5,none,20,same,any,until_broken,999,0,any,any,any,any,any,any,any,any,own,any,none,20,24,close,156071,20369,828,828,260,568,0.3140096618357488,260,568,-81205.37857143042,-98.07412870945703,-673.4678571428276,3778.0779802995253,3249.5222527472483,-1630.4245850100615,46917.23571428574,-28820.932142857146,-48.0,-0.057971014492753624,-1.0,1.3932022699736282,2.0,-1.0,2.0,-1.0,-0.041609905282347086,0.0,-1.1973245726108197,-0.9411764705882353,126343.54285714371,51.0,0.9123128925378111,-98.07412870945689,-0.05797101449275355,844875.7857142845,926081.164285715,5,12,15.394323671497585,21.673397435897435,12.520099765258216,464.0,163.0,0.35129310344827586,0.05387931034482758,364.0,97.0,0.2664835164835165,-0.20054945054945056,828.0,0.3140096618357488,828.0,0.3140096618357488,,,568.0,0.0,260.0,1.0,,,828.0,0.3140096618357488,,,,,,,,,,
M5@H1,wick_touch,with_daily,any,any,both,market,zone,fixed_rr,2.0,1.5,none,20,same,any,until_broken,999,0,any,any,any,any,any,any,any,any,own,any,none,20,24,close,156071,7588,629,629,218,411,0.3465818759936407,218,411,-4569.696428571086,-7.265018169429389,-639.0678571428452,3438.123251784745,3167.035845347316,-1690.9574469933964,26857.37857142867,-28820.932142857146,25.0,0.0397456279809221,-1.0,1.4287796891613471,2.0,-1.0,2.0,-1.0,0.02781788422835969,0.0,0.6976689871069116,1.0,104345.63214285739,25.0,0.9934247412231775,-7.2650181694291405,0.03974562798092218,690413.8142857149,694983.5107142859,7,16,13.362480127186009,18.78822629969419,10.484590429845905,398.0,145.0,0.36432160804020103,0.09296482412060302,231.0,73.0,0.31601731601731603,-0.05194805194805195,629.0,0.3465818759936407,629.0,0.3465818759936407,,,411.0,0.0,218.0,1.0,,,629.0,0.3465818759936407,,,,,,,,,,
M5@H1,wick_touch,with_daily,any,fresh_young,both,market,zone,fixed_rr,2.0,1.5,none,20,same,any,until_broken,999,0,any,any,any,any,any,any,any,any,own,any,none,20,24,close,156071,5967,516,516,178,338,0.3449612403100775,178,338,-82933.93571428547,-160.7246816168323,-727.599999999984,3342.1523007323544,3086.8239967897266,-1870.972210481825,14926.421428571484,-28820.932142857146,18.0,0.03488372093023256,-1.0,1.4274507748459362,2.0,-1.0,2.0,-1.0,0.024437775049719338,0.0,0.5551195387305634,0.8181818181818182,133047.67142857198,22.0,0.8688560565804901,-160.7246816168324,0.03488372093023251,549454.6714285713,632388.6071428568,6,13,14.424418604651162,19.368445692883896,11.820759368836292,326.0,123.0,0.3773006134969325,0.13190184049079753,190.0,55.0,0.2894736842105263,-0.13157894736842105,516.0,0.3449612403100775,516.0,0.3449612403100775,,,338.0,0.0,178.0,1.0,,,516.0,0.3449612403100775,,,,,,,,,,
M5@H1,wick_touch,with_daily,continuation,any,both,market,zone,fixed_rr,2.0,1.5,none,20,same,any,until_broken,999,0,any,any,any,any,any,any,any,any,own,any,none,20,24,close,156071,5551,549,549,199,350,0.36247723132969034,199,350,4731.160714284444,8.61777907884234,-668.5428571428929,3632.512064550683,3245.020603015069,-1831.5083979591834,26857.37857142867,-28820.932142857146,48.00000000000001,0.08743169398907105,-1.0,1.4434620276765242,2.0,-1.0,2.0000000000000075,-1.0,0.06057083062296132,0.0,1.4192199307271414,2.666666666666667,96554.37142857228,18.0,1.0073805842527805,8.61777907884266,0.08743169398907102,645759.0999999987,641027.9392857142,6,16,14.824225865209472,20.353433835845898,11.68047619047619,337.0,129.0,0.3827893175074184,0.1483679525222552,212.0,70.0,0.330188679245283,-0.009433962264150943,549.0,0.36247723132969034,549.0,0.36247723132969034,,,350.0,0.0,199.0,1.0,,,549.0,0.36247723132969034,,,,,,,,,,
M5@H1,wick_touch,with_daily,continuation,fresh_young,both,market,zone,fixed_rr,2.0,1.5,none,20,same,any,until_broken,999,2,any,any,any,any,any,any,any,any,own,any,none,20,24,close,156071,3227,391,391,142,249,0.3631713554987212,142,249,-6820.307142858397,-17.443240774573905,-650.6821428571584,3570.0624632002355,3268.119919517094,-1891.1378944348828,14926.421428571484,-28820.932142857146,35.0,0.08951406649616368,-1.0,1.4445893815239965,2.0,-1.0,2.0,-1.0,0.061965059165621963,0.0,1.225279725590455,2.3333333333333335,105098.8035714295,15.0,0.9855162377005974,-17.44324077457418,0.08951406649616367,464073.02857142733,470893.33571428584,6,9,14.757672634271099,20.527582159624412,11.467202141900938,244.0,96.0,0.39344262295081966,0.18032786885245902,147.0,46.0,0.3129251700680272,-0.061224489795918366,391.0,0.3631713554987212,391.0,0.3631713554987212,,,249.0,0.0,142.0,1.0,,,391.0,0.3631713554987212,,,,,,,,,,
M5@M15,wick_touch,any,any,any,both,market,zone,fixed_rr,2.0,1.5,none,20,same,any,until_broken,999,0,any,any,any,any,any,any,any,any,own,any,none,20,24,close,222820,46666,2380,2380,744,1636,0.3126050420168067,742,1638,-58148.32499999907,-24.4320693277307,-381.9321428571584,2118.8567166414514,1946.0841109831035,-920.5592320118753,25346.33571428567,-19541.857142857134,-150.0,-0.06302521008403361,-1.0,1.3900121443530966,1.9973118279569892,-1.0,2.0,-1.0,-0.045341481612281284,0.0,-2.2119952288412565,-0.6976744186046512,139034.032142857,215.0,0.9613897892657697,-24.432069327730687,-0.06302521008403361,1447886.578571429,1506034.903571428,7,17,5.548179271708683,7.748319892473118,4.5476263243683785,1330.0,451.0,0.33909774436090223,0.016541353383458645,1050.0,293.0,0.27904761904761904,-0.16380952380952382,2380.0,0.3126050420168067,2380.0,0.3126050420168067,,,1638.0,0.001221001221001221,742.0,1.0,,,,,2380.0,0.3126050420168067,,,,,,,,
M5@M15,wick_touch,with_daily,any,any,both,market,zone,fixed_rr,2.0,1.5,none,20,same,any,until_broken,999,0,any,any,any,any,any,any,any,any,own,any,none,20,24,close,222820,18219,1856,1856,638,1218,0.34375,635,1221,82459.15000000199,44.42842133620797,-334.7999999999729,1961.7532086199978,1842.842817957905,-897.5981673703955,12461.549999999988,-19541.857142857134,54.99999999999996,0.02963362068965515,-1.0,1.4235921594977001,1.9952978056426331,-1.0,2.0,-1.0,0.020816088717509562,0.0,0.8967845470697768,1.374999999999999,103147.0571428562,40.0,1.075424008226611,44.42842133620786,0.029633620689655138,1175733.7178571434,1093274.5678571416,5,15,5.066720545977012,6.904911180773249,4.1038587848932675,1178.0,420.0,0.3565365025466893,0.06791171477079792,678.0,218.0,0.3215339233038348,-0.03687315634218289,1856.0,0.34375,1856.0,0.34375,,,1221.0,0.002457002457002457,635.0,1.0,,,,,1856.0,0.34375,,,,,,,,
M5@M15,wick_touch,with_daily,any,fresh_young,both,market,zone,fixed_rr,2.0,1.5,none,20,same,any,until_broken,999,0,any,any,any,any,any,any,any,any,own,any,none,20,24,close,222820,13035,1347,1347,471,876,0.34966592427616927,469,877,37935.557142857135,28.16299713649379,-360.4357142857225,2042.7031546851915,1906.1183348498614,-981.5595645792555,12404.2928571429,-19541.857142857134,63.039885484068215,0.0468002119406594,-1.0,1.429380551119479,1.9937152558048157,-1.0,2.0,-1.0,0.03274160397943421,0.0,1.2016659328423185,1.3704322931319177,115166.47857142828,46.0,1.0441190041757051,28.162997136493573,0.04680021194065942,897781.7357142847,859846.1785714278,6,14,6.637899034892353,9.090410474168435,5.319254185692542,833.0,308.0,0.3697478991596639,0.10689061882841323,514.0,163.0,0.31712062256809337,-0.05058365758754864,1347.0,0.34966592427616927,1347.0,0.34966592427616927,,,877.0,0.0011402508551881414,469.0,1.0,1.0,1.0,,,1347.0,0.34966592427616927,,,,,,,,
M5@M15,wick_touch,with_daily,continuation,any,both,market,zone,fixed_rr,2.0,1.5,none,20,same,any,until_broken,999,0,any,any,any,any,any,any,any,any,own,any,none,20,24,close,222820,12640,1611,1611,559,1052,0.3469894475481068,557,1054,81691.11428571561,50.70832668262918,-370.44642857144936,2033.5541466450918,1919.736199846666,-942.4348112438887,12461.549999999988,-19541.857142857134,63.99999999999996,0.0397268777157045,-1.0,1.427210605234311,1.996422182468694,-1.0,2.0,-1.0,0.027835329677348062,0.0,1.1172339891693945,1.3617021276595735,81445.28928571362,47.0,1.0823963095752107,50.70832668262915,0.0397268777157046,1073132.5357142864,991441.4214285709,7,13,5.686426650113801,7.7656529516994635,4.58159062103929,969.0,355.0,0.36635706914344685,0.09803921568627447,642.0,204.0,0.3177570093457944,-0.048286604361370715,1611.0,0.3469894475481068,1611.0,0.3469894475481068,,,1054.0,0.0018975332068311196,557.0,1.0,,,,,1611.0,0.3469894475481068,,,,,,,,
M5@M15,wick_touch,with_daily,continuation,fresh_young,both,market,zone,fixed_rr,2.0,1.5,none,20,same,any,until_broken,999,2,any,any,any,any,any,any,any,any,own,any,none,20,24,close,222820,6998,1005,1005,347,658,0.345273631840796,345,659,699.3964285715629,0.6959168443498138,-360.4357142857225,2102.5229048558685,1904.189625360228,-1003.1221938775496,12461.549999999988,-19541.857142857134,33.039885484068215,0.03287550794434648,-1.0,1.4247091643637446,1.9914694106169113,-1.0,2.0,-1.0,0.02307524143640097,0.0,0.7315251883461958,0.8471765508735439,97657.63928571442,39.0,1.001059604215633,0.6959168443497674,0.03287550794434657,660753.7999999991,660054.4035714277,7,16,6.696517412935323,9.18996157540826,5.381585612968592,648.0,239.0,0.36882716049382713,0.10345661340133985,357.0,108.0,0.3025210084033613,-0.09523809523809523,1005.0,0.345273631840796,1005.0,0.345273631840796,,,659.0,0.0015174506828528073,345.0,1.0,1.0,1.0,,,1005.0,0.345273631840796,,,,,,,,
H1@D1,wick_touch,any,any,any,both,market,zone,fixed_rr,2.0,1.5,none,20,same,any,until_broken,999,0,any,any,any,any,any,any,any,any,own,any,none,20,24,close,69416,7583,232,232,84,148,0.3620689655172414,83,148,-19985.14642857124,-86.14287253694499,-1248.5750000000053,7358.897829982476,6231.3056122449025,-3671.721742277993,32041.007142857234,-61723.23571428578,18.07419402325924,0.077906008720945,-1.0,1.4393923327575577,1.977073738372134,-1.0,2.0,-1.0,0.05412423489271635,0.0,0.8243957849428203,0.8606759058694875,162140.73571428529,21.0,0.9632230374074469,-86.1428725369451,0.077906008720945,523429.6714285718,543414.817857143,5,12,376.2198275862069,500.54761904761904,305.6554054054054,105.0,44.0,0.41904761904761906,0.23880184784056419,127.0,40.0,0.31496062992125984,-0.05511811023622047,232.0,0.3620689655172414,232.0,0.3620689655172414,,,148.0,0.0,83.0,1.0,1.0,1.0,,,,,232.0,0.3620689655172414,,,,,,
H1@D1,wick_touch,with_daily,any,any,both,market,zone,fixed_rr,2.0,1.5,none,20,same,any,until_broken,999,0,any,any,any,any,any,any,any,any,own,any,none,20,24,close,69416,2438,137,137,51,86,0.3722627737226277,50,86,-16150.321428571038,-117.8855578727813,-1248.5071428571473,8664.837197913557,6790.950420168073,-4214.9859634551485,32041.007142857234,-61723.23571428578,14.074194023259238,0.1027313432354689,-1.0,1.4464958772031113,1.962239098495279,-1.0,2.0,-1.0,0.07102083376421803,0.0,0.8312775466192761,1.1728495019382699,126709.18214285669,12.0,0.9554460117200482,-117.88555787278165,0.10273134323546884,346338.47142857173,362488.79285714275,7,11,502.2335766423358,673.7647058823529,400.51162790697674,58.0,28.0,0.4827586206896552,0.41507231074584894,79.0,23.0,0.2911392405063291,-0.12658227848101267,137.0,0.3722627737226277,137.0,0.3722627737226277,,,86.0,0.0,50.0,1.0,1.0,1.0,,,,,137.0,0.3722627737226277,,,,,,
H1@D1,wick_touch,with_daily,any,fresh_young,both,market,zone,fixed_rr,2.0,1.5,none,20,same,any,until_broken,999,0,any,any,any,any,any,any,any,any,own,any,none,20,24,close,69416,2059,132,132,58,74,0.4393939393939394,57,74,69359.50714285781,525.4508116883168,-1009.735714285705,8751.884199580105,6596.12068965518,-4232.641795366793,32041.007142857234,-61723.23571428578,40.07419402325924,0.30359237896408514,-1.0,1.4874520579983392,1.9667964486768834,-1.0,2.0,-1.0,0.2041022951506946,0.0,2.34495684159072,5.724884860465606,95943.15357142841,7.0,1.2214434110846892,525.4508116883167,0.3035923789640852,382575.00000000047,313215.4928571427,8,6,473.0,610.948275862069,364.8783783783784,58.0,31.0,0.5344827586206896,0.5702447245389524,74.0,27.0,0.36486486486486486,0.0945945945945946,132.0,0.4393939393939394,132.0,0.4393939393939394,,,74.0,0.0,57.0,1.0,1.0,1.0,,,,,132.0,0.4393939393939394,,,,,,
H1@D1,wick_touch,with_daily,continuation,any,both,market,zone,fixed_rr,2.0,1.5,none,20,same,any,until_broken,999,0,any,any,any,any,any,any,any,any,own,any,none,20,24,close,69416,1766,134,134,60,74,0.44776119402985076,59,74,104645.37857142859,780.9356609808104,-1010.7607142857091,7338.358462970317,6390.138571428573,-3767.0666988417,32041.007142857234,-26431.246428571467,44.07419402325924,0.32891189569596446,-1.0,1.4905945174260646,1.9679032337209874,-1.0,2.0,-1.0,0.22065819500257144,0.0,2.5543032766138483,4.897132669251026,82228.87500000006,9.0,1.3753920093547995,780.9356609808106,0.32891189569596446,383408.3142857144,278762.9357142858,7,9,437.1641791044776,661.95,254.90540540540542,60.0,31.0,0.5166666666666667,0.5179032337209873,74.0,29.0,0.3918918918918919,0.17567567567567569,134.0,0.44776119402985076,134.0,0.44776119402985076,,,74.0,0.0,59.0,1.0,1.0,1.0,,,,,134.0,0.44776119402985076,,,,,,
H1@D1,wick_touch,with_daily,continuation,fresh_young,both,market,zone,fixed_rr,2.0,1.5,none,20,same,any,until_broken,999,2,any,any,any,any,any,any,any,any,own,any,none,20,24,close,69416,980,110,110,53,57,0.4818181818181818,52,57,191024.61071428593,1736.587370129872,-910.7303571428474,7761.103029636497,7280.0475741239925,-3417.8580827067663,33465.4785714285,-26431.246428571467,47.07419402325924,0.4279472183932658,-1.0,1.4988075822017317,1.9636640381747026,-1.0,2.0,-1.0,0.2855251224207287,0.0,2.9946127476972597,7.84569900387654,34282.41785714278,6.0,1.9805289976363472,1736.587370129872,0.42794721839326577,385842.5214285716,194817.91071428568,8,6,472.8909090909091,665.5471698113207,293.7543859649123,55.0,30.0,0.5454545454545454,0.601348982241077,55.0,23.0,0.41818181818181815,0.2545454545454545,110.0,0.4818181818181818,110.0,0.4818181818181818,,,57.0,0.0,52.0,1.0,1.0,1.0,,,,,110.0,0.4818181818181818,,,,,,
H1@H4,body_close,any,any,any,both,market,zone,fixed_rr,2.0,1.5,none,20,same,any,until_broken,999,0,any,any,any,any,any,any,any,any,own,any,none,20,24,close,102673,70674,2582,2582,793,1789,0.30712625871417504,778,1803,-125745.82857143,-48.70094057762587,-266.81964285713207,2386.4324056761247,1970.6253602954403,-943.7963886448935,46832.81428571427,-17806.132142857132,-218.5686762185383,-0.08465092030152528,-1.0,1.377390353045326,1.9803673692073918,-1.0,2.0,-1.0,-0.06145746564462809,0.0,-3.122861805379063,-0.9502985922545143,156366.95714285868,230.0,0.9255259563269329,-48.700940577626056,-0.08465092030152543,1562705.910714284,1688451.7392857145,5,16,64.60379550735864,80.20554854981084,57.688093907210735,1262.0,420.0,0.3328050713153724,-0.008374545339570756,1320.0,373.0,0.2825757575757576,-0.15757575757575756,,,2582.0,0.30712625871417504,2582.0,0.30712625871417504,1803.0,0.00776483638380477,778.0,1.0,1.0,1.0,,,,,,,2582.0,0.30712625871417504,,,,
H1@H4,body_close,with_daily,any,any,both,market,zone,fixed_rr,2.0,1.5,none,20,same,any,until_broken,999,0,any,any,any,any,any,any,any,any,own,any,none,20,24,close,102673,15134,1327,1327,401,926,0.3021853805576488,396,930,-129156.67857142919,-97.32982560017271,-328.1142857142868,2322.217133184011,2060.207873174206,-1031.6415072508487,18522.000000000025,-17425.842857142834,-129.46385478583747,-0.09756130729904858,-1.0,1.3735424988167084,1.9863744269679864,-1.0,2.0,-1.0,-0.07102896880372946,0.0,-2.587444071119064,-0.857376521760513,172633.21785714352,151.0,0.8647998809349382,-97.32982560017274,-0.09756130729904855,826143.3571428566,955300.0357142858,5,20,65.92840994724943,88.61097256857856,56.10583153347732,690.0,221.0,0.32028985507246377,-0.045599789544691995,637.0,180.0,0.282574568288854,-0.15384615384615385,,,1327.0,0.3021853805576488,1327.0,0.3021853805576488,930.0,0.004301075268817204,396.0,1.0,1.0,1.0,,,,,,,1327.0,0.3021853805576488,,,,
H1@H4,any,any,any,any,both,market,zone,fixed_rr,2.0,1.5,none,20,same,any,until_broken,999,0,any,any,any,any,any,any,any,any,own,any,none,20,24,close,102673,102673,2113,2113,687,1426,0.3251301467108377,660,1452,13748.874999998909,6.506803123520544,-289.5928571428385,3006.0612544563082,2448.5156737367415,-1169.9729262672809,46832.81428571427,-17806.132142857132,-79.56867621853831,-0.037656732711092426,-1.0,1.3914630380588813,1.9598709225348787,-1.0,2.0,-1.0,-0.027062689903444594,0.0,-1.2440009435300017,-0.8037240022074577,136094.67142857274,99.00000000000001,1.0082408465227808,6.506803123520513,-0.03765673271109249,1682130.2678571413,1668381.3928571425,6,14,88.88499763369617,120.16739446870452,73.81416549789621,1109.0,388.0,0.34986474301172227,0.037359173833599366,1004.0,299.0,0.29780876494023906,-0.1205179282868526,490.0,0.33877551020408164,2113.0,0.3251301467108377,2113.0,0.3251301467108377,1452.0,0.01790633608815427,660.0,1.0,1.0,1.0,,,,,,,1582.0,0.31352718078381797,20.0,0.95,21.0,0.2857142857142857
H1@H4,any,with_daily,any,any,both,market,zone,fixed_rr,2.0,1.5,none,20,same,any,until_broken,999,0,any,any,any,any,any,any,any,any,own,any,none,20,24,close,102673,22904,1274,1274,402,872,0.315541601255887,391,882,-64264.14642857196,-50.442815093070614,-377.71428571429624,2670.894578444235,2439.098969438521,-1198.14441759502,18954.928571428536,-16812.346428571436,-79.68836085083292,-0.06254973379186259,-1.0,1.384776571631668,1.9709244754954407,-1.0,2.000000000000029,-1.0,-0.04516954942280752,0.0,-1.612242897489625,-0.6531832856625652,177012.7464285721,121.99999999999994,0.9384903734918486,-50.442815093070635,-0.06254973379186257,980517.7857142856,1044781.9321428575,6,23,93.99215070643642,127.42786069651741,78.57798165137615,681.0,246.0,0.36123348017621143,0.06653691505017191,593.0,156.0,0.2630691399662732,-0.21079258010118043,402.0,0.35572139303482586,1274.0,0.315541601255887,1274.0,0.315541601255887,882.0,0.011337868480725623,391.0,1.0,1.0,1.0,,,,,,,842.0,0.28741092636579574,11.0,0.8181818181818182,19.0,0.42105263157894735
M15@H4,body_close,any,any,any,both,market,zone,fixed_rr,2.0,1.5,none,20,same,any,until_broken,999,0,any,any,any,any,any,any,any,any,own,any,none,20,24,close,118270,97548,1095,1095,316,779,0.28858447488584477,315,779,-75832.51538461536,-69.25343870741128,-314.3214285714521,3132.2326484932946,2449.5102361246345,-1090.9855584082156,64949.44285714282,-17268.024999999943,-148.3301489272733,-0.13546132322125418,-1.0,1.3586192118838012,1.9957906679516668,-1.0,2.0,-1.0,-0.099705143307542,0.0,-3.2993213823702217,-0.9156182032547735,117507.78571428542,162.0,0.9107724429959303,-69.2534387074113,-0.13546132322125404,774045.2346153845,849877.75,5,16,28.30296803652968,38.35126582278481,24.226893453145056,567.0,183.0,0.32275132275132273,-0.034091973416707784,528.0,133.0,0.2518939393939394,-0.24431818181818182,,,1095.0,0.28858447488584477,1095.0,0.28858447488584477,779.0,0.0,315.0,1.0,1.0,1.0,,,,,,,1095.0,0.28858447488584477,,,,
M15@H4,body_close,with_daily,any,any,both,market,zone,fixed_rr,2.0,1.5,none,20,same,any,until_broken,999,0,any,any,any,any,any,any,any,any,own,any,none,20,24,close,118270,22525,684,684,216,468,0.3157894736842105,215,468,-52488.946428572206,-76.73822577276638,-406.5446428571363,2775.197594060608,2386.4489748677233,-1213.593856837608,16986.407142857206,-18784.44642857139,-37.63499109829197,-0.05502191681036837,-1.0,1.393386639875291,1.992430596767167,-1.0,2.0,-1.0,-0.03948790323932836,0.0,-1.0327426782752684,-0.5702271378529087,106124.89285714272,66.0,0.907583688063998,-76.73822577276655,-0.05502191681036839,515472.9785714283,567961.9250000005,5,16,24.97624269005848,29.127314814814813,23.060363247863247,352.0,126.0,0.35795454545454547,0.06921877528894328,332.0,90.0,0.2710843373493976,-0.18674698795180722,,,684.0,0.3157894736842105,684.0,0.3157894736842105,468.0,0.0,215.0,1.0,1.0,1.0,,,,,,,684.0,0.3157894736842105,,,,
M15@H4,any,any,any,any,both,market,zone,fixed_rr,2.0,1.5,none,20,same,any,until_broken,999,0,any,any,any,any,any,any,any,any,own,any,none,20,24,close,118270,118270,1036,1036,292,744,0.28185328185328185,290,745,-93459.37499999943,-90.21175193050138,-323.82499999999936,3470.3108684015406,2825.671024951076,-1234.6173579109052,64949.44285714282,-18395.16785714277,-162.3301489272733,-0.1566893329413835,-1.0,1.347752933144627,1.992020037920297,-1.0,2.00000000000001,-1.0,-0.11625968609527725,0.0,-3.7420451543196815,-0.9605334256051675,135011.23214285617,169.0,0.8982539499293245,-90.21175193050124,-0.15668933294138354,825095.9392857142,918555.3142857135,5,16,31.59049227799228,45.945205479452056,25.956653225806452,534.0,169.0,0.31647940074906367,-0.054925372522983726,502.0,123.0,0.2450199203187251,-0.2649402390438247,238.0,0.31092436974789917,1036.0,0.28185328185328185,1036.0,0.28185328185328185,745.0,0.0013422818791946308,290.0,1.0,1.0,1.0,,,,,,,785.0,0.2700636942675159,,,13.0,0.46153846153846156
M15@H4,any,with_daily,any,any,both,market,zone,fixed_rr,2.0,1.5,none,20,same,any,until_broken,999,0,any,any,any,any,any,any,any,any,own,any,none,20,24,close,118270,28373,695,695,226,469,0.3251798561151079,223,471,29850.153571428225,42.94986125385356,-403.1607142857183,3574.406492448627,2869.6191055625795,-1319.155147730735,48734.34285714284,-18784.44642857139,-20.67672837889158,-0.029750688314951913,-1.0,1.4011570751834566,1.9837312903588868,-1.0,2.000000000000015,-1.0,-0.02123294300252282,0.0,-0.5597609477635306,-0.32820203776018386,55584.382142857154,62.999999999999986,1.0482478372547743,42.949861253853555,-0.029750688314951867,648533.917857143,618683.7642857147,5,19,26.692446043165468,35.163716814159294,22.610341151385928,384.0,143.0,0.3723958333333333,0.10761268651330318,311.0,83.0,0.26688102893890675,-0.19935691318327975,190.0,0.3526315789473684,695.0,0.3251798561151079,695.0,0.3251798561151079,471.0,0.004246284501061571,223.0,1.0,1.0,1.0,,,,,,,494.0,0.3097165991902834,1.0,1.0,10.0,0.5
M15@H1,body_close,any,any,any,both,market,zone,fixed_rr,2.0,1.5,none,20,same,any,until_broken,999,0,any,any,any,any,any,any,any,any,own,any,none,20,24,close,173461,122745,3634,3634,1162,2472,0.3197578425976885,1141,2493,-15204.446428573392,-4.183942330372425,-190.1232142857225,1771.9003137888965,1360.1609325055315,-645.514340614887,35502.95714285721,-22099.00357142851,-169.0,-0.046505228398459,-1.0,1.3929495521485695,1.9819277108433735,-1.0,2.0000000000000324,-1.0,-0.03338615409777513,0.0,-2.012606426326411,-0.8894736842105263,120153.16071428644,190.0,0.990471681814044,-4.183942330372247,-0.04650522839845883,1580507.0035714277,1595711.450000001,10,19,8.8699779856907,11.267641996557659,7.74292071197411,1871.0,635.0,0.33939070016034206,0.011758417958311064,1763.0,527.0,0.29892229154849687,-0.10833806012478729,,,3634.0,0.3197578425976885,,,2493.0,0.00842358604091456,1141.0,1.0,,,3634.0,0.3197578425976885,,,,,3634.0,0.3197578425976885,,,,
M15@H1,body_close,with_daily,any,any,both,market,zone,fixed_rr,2.0,1.5,none,20,same,any,until_broken,999,0,any,any,any,any,any,any,any,any,own,any,none,20,24,close,173461,38185,2544,2544,825,1719,0.3242924528301887,814,1730,34466.82500000036,13.54828026729574,-189.55178571427496,1663.468628578918,1347.7352207792212,-626.7683142192302,22522.350000000188,-22099.00357142851,-80.00000000000001,-0.031446540880503145,-1.0,1.3998882429313522,1.9866666666666666,-1.0,2.0000000000000324,-1.0,-0.022463608105354468,0.0,-1.1330212818381873,-0.7339449541284404,61430.8571428569,109.00000000000001,1.031990304171403,13.548280267295922,-0.03144654088050314,1111881.5571428575,1077414.7321428568,7,23,7.7733883647798745,10.094848484848486,6.6592495636998255,1441.0,483.0,0.33518390006939625,0.0020818875780707793,1103.0,342.0,0.3100634632819583,-0.07524932003626474,,,2544.0,0.3242924528301887,,,1730.0,0.006358381502890174,814.0,1.0,,,2544.0,0.3242924528301887,,,,,2544.0,0.3242924528301887,,,,
M15@H1,any,any,any,any,both,market,zone,fixed_rr,2.0,1.5,none,20,same,any,until_broken,999,0,any,any,any,any,any,any,any,any,own,any,none,20,24,close,173461,173461,3148,3148,1012,2136,0.32147395171537485,981,2166,-11020.021428571403,-3.5006421310582603,-206.13749999999982,2017.671170326077,1570.765122106155,-749.360639044944,35502.95714285721,-22099.00357142851,-143.20424070861353,-0.04549054660375271,-1.0,1.3904342950922013,1.9691657700507772,-1.0,2.0,-1.0,-0.03271678982913477,0.0,-1.8356422538192043,-0.906355953851984,121422.61785714298,158.00000000000006,0.9931152161012344,-3.500642131058271,-0.045490546603752624,1589614.3035714289,1600634.3250000004,6,16,10.965930749682338,14.66403162055336,9.213834269662922,1690.0,581.0,0.3437869822485207,0.021772638633956495,1458.0,431.0,0.2956104252400549,-0.12345679012345678,717.0,0.32217573221757323,3148.0,0.32147395171537485,,,2166.0,0.013850415512465374,981.0,1.0,1.0,1.0,3148.0,0.32147395171537485,,,,,2386.0,0.3189438390611903,15.0,0.8666666666666667,30.0,0.23333333333333334
M15@H1,any,with_daily,any,any,both,market,zone,fixed_rr,2.0,1.5,none,20,same,any,until_broken,999,0,any,any,any,any,any,any,any,any,own,any,none,20,24,close,173461,55250,2372,2372,789,1583,0.3326306913996627,758,1613,-8443.7071428555,-3.5597416285225543,-203.08214285714712,1867.080472653115,1521.7744160782197,-763.8178909845678,22522.350000000188,-22099.00357142851,-36.204240708613504,-0.015263170619145663,-1.0,1.3996867519271416,1.9604508989751412,-1.0,2.0,-1.0,-0.010904704640613876,0.0,-0.5310938218293348,-0.4469659346742406,78621.01785714264,81.00000000000003,0.993016672327891,-3.559741628522602,-0.015263170619145727,1200680.0142857153,1209123.7214285708,8,19,9.993254637436761,12.792458808618504,8.598073278584966,1343.0,464.0,0.3454951600893522,0.026653581006244594,1029.0,325.0,0.31584062196307094,-0.06997084548104957,663.0,0.33634992458521873,2372.0,0.3326306913996627,,,1613.0,0.018598884066955982,758.0,1.0,1.0,1.0,2372.0,0.3326306913996627,,,,,1659.0,0.32368896925858953,26.0,0.8076923076923077,24.0,0.3333333333333333
M5@H1,body_close,any,any,any,both,market,zone,fixed_rr,2.0,1.5,none,20,same,any,until_broken,999,0,any,any,any,any,any,any,any,any,own,any,none,20,24,close,156071,125571,1765,1765,553,1212,0.313314447592068,548,1217,-48444.11071428581,-27.447088223391393,-261.17142857142426,2446.521561431744,1965.1480431413074,-936.6097182932582,33191.442857142734,-23336.38214285711,-111.0,-0.06288951841359773,-1.0,1.3887340814202014,1.9909584086799277,-1.0,2.0,-1.0,-0.045285500842092964,0.0,-1.902530072089898,-0.9652173913043478,129345.97142857191,115.0,0.9573243928634865,-27.44708822339146,-0.0628895184135978,1086726.867857143,1135170.978571429,7,18,7.033663833805477,10.001959011452682,5.679317931793179,929.0,317.0,0.341227125941873,0.021528525296017224,836.0,236.0,0.2822966507177033,-0.15669856459330145,,,1765.0,0.313314447592068,,,1217.0,0.004108463434675432,548.0,1.0,,,1765.0,0.313314447592068,,,,,1765.0,0.313314447592068,,,,
M5@H1,body_close,with_daily,any,any,both,market,zone,fixed_rr,2.0,1.5,none,20,same,any,until_broken,999,0,any,any,any,any,any,any,any,any,own,any,none,20,24,close,156071,40750,1100,1100,363,737,0.33,360,740,12364.642857143966,11.240584415585424,-288.8499999999567,2390.1258400955035,2082.3636068477026,-1008.8647848420247,21865.26428571451,-23336.38214285711,-14.0,-0.012727272727272728,-1.0,1.4083534155901942,1.9917355371900827,-1.0,2.0,-1.0,-0.009036987865676563,0.0,-0.29972297985443824,-0.35,77990.70714285667,40.0,1.0166295740689173,11.240584415585431,-0.012727272727272587,755897.9892857161,743533.3464285722,4,12,7.176969696969698,9.602846648301194,5.982134780642243,728.0,248.0,0.34065934065934067,0.020604395604395604,372.0,115.0,0.30913978494623656,-0.07795698924731183,,,1100.0,0.33,,,740.0,0.004054054054054054,360.0,1.0,,,1100.0,0.33,,,,,1100.0,0.33,,,,
M5@H1,any,any,any,any,both,market,zone,fixed_rr,2.0,1.5,none,20,same,any,until_broken,999,0,any,any,any,any,any,any,any,any,own,any,none,20,24,close,156071,156071,1619,1619,520,1099,0.3211859172328598,514,1105,20927.653571428255,12.926283861289843,-274.2785714285674,2710.5250233015945,2168.8068543956047,-1007.144595736384,46917.23571428574,-23336.38214285711,-65.0,-0.04014823965410747,-1.0,1.3971519601556148,1.9884615384615385,-1.0,2.0,-1.0,-0.028735771626184285,0.0,-1.1562354692585939,-0.7471264367816092,119916.50714285743,87.0,1.0189073654468583,12.926283861289903,-0.04014823965410752,1127779.5642857144,1106851.910714286,7,18,7.919909409100268,11.619551282051283,6.169396420988778,881.0,308.0,0.3496027241770715,0.046538024971623154,738.0,212.0,0.2872628726287263,-0.14363143631436315,311.0,0.34726688102893893,1619.0,0.3211859172328598,,,1105.0,0.005429864253393665,514.0,1.0,,,1619.0,0.3211859172328598,,,,,1289.0,0.31497284716834756,2.0,0.5,17.0,0.29411764705882354
M5@H1,any,with_daily,any,any,both,market,zone,fixed_rr,2.0,1.5,none,20,same,any,until_broken,999,0,any,any,any,any,any,any,any,any,own,any,none,20,24,close,156071,51812,1062,1062,358,704,0.3370998116760829,352,710,2146.7500000013897,2.0214218455756967,-306.34999999999764,2494.649593261766,2166.663208300085,-1098.74812297078,21865.26428571451,-23336.38214285711,6.0,0.005649717514124294,-1.0,1.4128687208416164,1.9832402234636872,-1.0,2.0,-1.0,0.003998756169475445,0.0,0.1303128315205331,0.16666666666666666,76319.05357142833,36.0,1.0027753046687458,2.02142184557556,0.005649717514124353,775665.4285714305,773518.6785714291,5,14,8.072033898305085,11.016294227188082,6.574810606060606,709.0,251.0,0.3540197461212976,0.05782792665726375,353.0,107.0,0.3031161473087819,-0.09915014164305949,254.0,0.29133858267716534,1062.0,0.3370998116760829,,,710.0,0.008450704225352112,352.0,1.0,,,1062.0,0.3370998116760829,,,,,793.0,0.3480453972257251,4.0,0.75,11.0,0.45454545454545453
M5@M15,body_close,any,any,any,both,market,zone,fixed_rr,2.0,1.5,none,20,same,any,until_broken,999,0,any,any,any,any,any,any,any,any,own,any,none,20,24,close,222820,151205,5609,5609,1778,3831,0.31699055090033873,1746,3863,-26941.114285713295,-4.803193846623872,-156.4071428571424,1340.0629540635935,1081.512216776473,-508.97150501547435,21954.057142857164,-17642.428571428536,-306.9999999999999,-0.05473346407559278,-1.0,1.3896779680719222,1.9820022497187852,-1.0,2.000000000000134,-1.0,-0.03938571765049388,0.0,-2.94972468883494,-0.7617866004962777,163976.76785714255,403.0,0.986183121666763,-4.803193846623856,-0.054733464075592764,1922928.7214285692,1949869.8357142822,6,24,2.359838355024663,3.1183445819272593,2.00780910119203,2830.0,939.0,0.33180212014134275,-0.00989399293286214,2779.0,839.0,0.30190716084922636,-0.10039582583663188,,,5609.0,0.31699055090033873,,,3863.0,0.008283717318146519,1746.0,1.0,,,,,5609.0,0.31699055090033873,,,5609.0,0.31699055090033873,,,,
M5@M15,body_close,with_daily,any,any,both,market,zone,fixed_rr,2.0,1.5,none,20,same,any,until_broken,999,0,any,any,any,any,any,any,any,any,own,any,none,20,24,close,222820,55644,3471,3471,1146,2325,0.33016421780466726,1127,2344,-23883.489285712243,-6.880866979461897,-153.55714285719841,1285.0566140969388,1080.1358607579184,-542.67491858679,17967.078571428647,-17642.428571428536,-52.00000000000003,-0.014981273408239711,-1.0,1.4051388779120086,1.9834205933682374,-1.0,2.0,-1.0,-0.010661774180287006,0.0,-0.628140486609922,-0.30588235294117666,118078.85714285586,170.0,0.9810706775674561,-6.880866979461871,-0.014981273408239626,1237835.6964285744,1261719.1857142868,7,16,2.4910208393354463,3.347876672484002,2.0686738351254483,2179.0,739.0,0.3391463974300138,0.012391005048187225,1292.0,407.0,0.31501547987616096,-0.06114551083591331,,,3471.0,0.33016421780466726,,,2344.0,0.008105802047781569,1127.0,1.0,,,,,3471.0,0.33016421780466726,,,3471.0,0.33016421780466726,,,,
M5@M15,any,any,any,any,both,market,zone,fixed_rr,2.0,1.5,none,20,same,any,until_broken,999,0,any,any,any,any,any,any,any,any,own,any,none,20,24,close,222820,222820,4834,4834,1581,3253,0.32705833678113366,1524,3309,-4818.1607142841385,-0.9967233583541867,-168.4374999999818,1523.7100898544452,1222.743241167434,-595.7501460190585,25346.33571428567,-17642.428571428536,-148.9601145159316,-0.0308150836814091,-1.0,1.3946493605602814,1.9633395860114284,-1.0,2.000000000000134,-1.0,-0.022095219452887827,0.0,-1.5362137303750842,-0.7059721067105763,114143.3142857136,211.0,0.9975138171777794,-0.9967233583541315,-0.03081508368140895,1933157.0642857132,1937975.2249999973,7,17,2.8996000551648047,4.02055660974067,2.3548006967927044,2575.0,879.0,0.34135922330097085,0.01516112057633724,2259.0,702.0,0.3107569721115538,-0.08322266489597167,1059.0,0.3305004721435316,4834.0,0.32705833678113366,,,3309.0,0.016923541855545482,1524.0,1.0,1.0,1.0,,,4834.0,0.32705833678113366,,,3698.0,0.3185505678745268,39.0,0.9230769230769231,38.0,0.4473684210526316
M5@M15,any,with_daily,any,any,both,market,zone,fixed_rr,2.0,1.5,none,20,same,any,until_broken,999,0,any,any,any,any,any,any,any,any,own,any,none,20,24,close,222820,83329,3205,3205,1084,2121,0.3382215288611544,1044,2160,47438.417857145825,14.80137842656656,-163.09285714287398,1532.2968354536274,1290.2808744069612,-637.0702734559171,17967.078571428647,-17642.428571428536,6.0398854840682255,0.00188451965181536,-1.0,1.4062450120393104,1.962213916498218,-1.0,2.0,-1.0,0.0013401076168671807,0.0,0.07586713650479578,0.047558153417860044,129282.88214285683,127.0,1.035107684504118,14.801378426566487,0.0018845196518152418,1398664.467857146,1351226.0500000003,7,16,3.0038221528861153,4.192343173431734,2.3963932107496464,2008.0,700.0,0.34860557768924305,0.03637444496218537,1197.0,384.0,0.3208020050125313,-0.055973266499582286,864.0,0.3587962962962963,3205.0,0.3382215288611544,,,2160.0,0.018055555555555554,1044.0,1.0,1.0,1.0,,,3205.0,0.3382215288611544,,,2278.0,0.3222124670763828,30.0,0.8666666666666667,33.0,0.42424242424242425
H1@D1,body_close,any,any,any,both,market,zone,fixed_rr,2.0,1.5,none,20,same,any,until_broken,999,0,any,any,any,any,any,any,any,any,own,any,none,20,24,close,69416,57972,480,480,150,330,0.3125,146,333,-141282.26785714293,-294.3380580357144,-589.5017857142875,4413.244437892997,3488.291928571428,-2013.7153246753242,19356.749999999964,-56392.767857142826,-34.748114185089975,-0.07239190455227079,-1.0,1.381769133391054,1.9683459054327332,-1.0,2.0,-1.0,-0.052390737933630756,0.0,-1.1478235588236463,-0.8080956787230227,222559.4035714285,43.0,0.7873939383737806,-294.3380580357143,-0.07239190455227085,523243.78928571416,664526.057142857,5,16,178.20416666666668,236.94,151.5060606060606,226.0,79.0,0.3495575221238938,0.040937547853584146,254.0,71.0,0.2795275590551181,-0.1732283464566929,,,480.0,0.3125,,,333.0,0.009009009009009009,146.0,1.0,1.0,1.0,,,,,480.0,0.3125,480.0,0.3125,,,,
H1@D1,body_close,with_daily,any,any,both,market,zone,fixed_rr,2.0,1.5,none,20,same,any,until_broken,999,0,any,any,any,any,any,any,any,any,own,any,none,20,24,close,69416,14245,200,200,58,142,0.29,57,142,-152908.47142857127,-764.5423571428563,-1220.3071428571434,6175.161222593807,5086.9788177339915,-3154.600301810864,17446.021428571385,-56392.767857142826,-27.688360850832975,-0.13844180425416489,-1.0,1.3566584212657493,1.970890330158052,-1.0,2.0,-1.0,-0.10204617616643695,0.0,-1.4431508632288923,-0.7286410750219204,184336.4357142856,38.0,0.6586508215605542,-764.542357142856,-0.13844180425416486,295044.7714285715,447953.2428571427,4,14,335.555,380.12068965517244,317.3521126760563,89.0,35.0,0.39325842696629215,0.16080493426030362,111.0,23.0,0.2072072072072072,-0.3783783783783784,,,200.0,0.29,,,142.0,0.0,57.0,1.0,1.0,1.0,,,,,200.0,0.29,200.0,0.29,,,,
H1@D1,any,any,any,any,both,market,zone,fixed_rr,2.0,1.5,none,20,same,any,until_broken,999,0,any,any,any,any,any,any,any,any,own,any,none,20,24,close,69416,69416,397,397,132,265,0.33249370277078083,129,267,-85906.29999999999,-216.38866498740552,-619.942857142837,5520.47186982238,4270.009659090909,-2451.1229245283016,31268.685714285675,-61723.23571428578,-4.7481141850899835,-0.011959985352871499,-1.0,1.4061612792103968,1.9716051955675,-1.0,2.0,-1.0,-0.008505415082676293,0.0,-0.16946919494191592,-0.1104212601183717,239673.78928571427,43.00000000000001,0.8677444065586729,-216.38866498740572,-0.011959985352871572,563641.275,649547.575,6,14,232.8110831234257,336.77272727272725,181.02641509433963,191.0,68.0,0.35602094240837695,0.05367479484246082,206.0,64.0,0.3106796116504854,-0.07281553398058252,83.0,0.3132530120481928,397.0,0.33249370277078083,,,267.0,0.00749063670411985,129.0,1.0,1.0,1.0,,,,,397.0,0.33249370277078083,306.0,0.32679738562091504,2.0,1.0,6.0,0.6666666666666666
H1@D1,any,with_daily,any,any,both,market,zone,fixed_rr,2.0,1.5,none,20,same,any,until_broken,999,0,any,any,any,any,any,any,any,any,own,any,none,20,24,close,69416,17746,187,187,52,135,0.27807486631016043,50,136,-154166.1285714288,-824.4177998472128,-1302.903571428601,7276.315855563036,6251.484821428566,-3549.9506613756616,31268.685714285675,-61723.23571428578,-33.68836085083298,-0.18015166230391969,-1.0,1.3320452879698965,1.9483007528685965,-1.0,2.0,-1.0,-0.13524439741720778,0.0,-1.8494393191243288,-0.8865358118640257,205530.6964285713,38.0,0.6783134663880671,-824.4177998472135,-0.18015166230391966,325077.21071428544,479243.3392857143,3,21,406.7433155080214,561.8846153846154,346.9851851851852,83.0,32.0,0.3855421686746988,0.1362848090261087,104.0,20.0,0.19230769230769232,-0.4326923076923077,60.0,0.31666666666666665,187.0,0.27807486631016043,,,136.0,0.007352941176470588,50.0,1.0,1.0,1.0,,,,,187.0,0.27807486631016043,125.0,0.248,1.0,1.0,1.0,1.0
H1@H4,wick_touch,against_daily,any,any,both,market,zone,fixed_rr,2.0,1.5,none,20,same,any,until_broken,999,0,any,any,any,any,any,any,any,any,own,any,none,20,24,close,102673,8428,866,866,284,582,0.3279445727482679,284,582,-31438.875000000997,-36.30355080831524,-660.7107142857103,3783.679663261956,3475.7012072434586,-1750.0653227785967,27982.521428571454,-38461.13928571421,-14.000000000000014,-0.016166281755196316,-1.0,1.4092074073134457,2.0,-1.0,2.000000000000005,-1.0,-0.011471896664250573,0.0,-0.33759357476581336,-0.2641509433962267,185916.4035714285,53.0,0.9691333318454387,-36.30355080831532,-0.0161662817551963,987099.1428571423,1018538.0178571433,4,18,152.63625866050808,157.1267605633803,150.44501718213058,439.0,166.0,0.37813211845102507,0.13439635535307515,427.0,118.0,0.27634660421545665,-0.17096018735362997,866.0,0.3279445727482679,866.0,0.3279445727482679,866.0,0.3279445727482679,582.0,0.0,284.0,1.0,,,,,,,,,,,,,,
H1@H4,wick_touch,at_transition,any,any,both,market,zone,fixed_rr,2.0,1.5,none,20,same,any,until_broken,999,0,any,any,any,any,any,any,any,any,own,any,none,20,24,close,102673,2340,403,403,137,266,0.3399503722084367,137,266,126536.37500000015,313.98604218362317,-645.5178571428405,4127.351569863446,4215.264494264859,-1695.3190252416753,28075.742857142857,-10154.085714285724,8.0,0.019851116625310184,-1.0,1.422842427956633,2.0,-1.0,2.0000000000000036,-1.0,0.013951732275666458,0.0,0.2800790707947041,0.17391304347826086,70942.3714285714,46.0,1.2805965430765598,313.9860421836231,0.01985111662531014,577491.2357142858,450954.86071428563,6,12,297.2456575682382,433.4014598540146,227.1203007518797,214.0,87.0,0.40654205607476634,0.21962616822429906,189.0,50.0,0.26455026455026454,-0.20634920634920634,403.0,0.3399503722084367,403.0,0.3399503722084367,403.0,0.3399503722084367,266.0,0.0,137.0,1.0,,,,,,,,,,,,,,
M15@H4,wick_touch,against_daily,any,any,both,market,zone,fixed_rr,2.0,1.5,none,20,same,any,until_broken,999,0,any,any,any,any,any,any,any,any,own,any,none,20,24,close,118270,6099,403,403,136,267,0.337468982630273,136,267,74710.48571428563,185.38582063098173,-910.578571428573,4362.402553084503,4269.905462184873,-1895.1185660781164,27062.957142857158,-35771.27857142859,5.000000000000007,0.012406947890818877,-1.0,1.4203022988262426,2.0,-1.0,2.00000000000001,-1.0,0.008735427592472497,0.0,0.17536248508447275,0.13888888888888906,64038.95000000048,36.00000000000001,1.1476501566949933,185.38582063098193,0.012406947890818976,580707.1428571427,505996.6571428571,5,17,65.04652605459057,79.51286764705883,57.67790262172284,200.0,79.0,0.395,0.18500000000000003,203.0,57.0,0.28078817733990147,-0.15763546798029557,403.0,0.337468982630273,403.0,0.337468982630273,403.0,0.337468982630273,267.0,0.0,136.0,1.0,,,,,,,,,,,,,,
M15@H4,wick_touch,at_transition,any,any,both,market,zone,fixed_rr,2.0,1.5,none,20,same,any,until_broken,999,0,any,any,any,any,any,any,any,any,own,any,none,20,24,close,118270,111,83,83,31,52,0.37349397590361444,31,52,9322.099999999497,112.31445783131923,-957.8285714285812,4504.3806765142845,4723.657834101373,-2636.7556318681354,15647.79285714285,-9852.275000000009,10.000000000000007,0.12048192771084346,-1.0,1.4600166250427138,2.0000000000000004,-1.0,2.000000000000008,-1.0,0.08252092862800016,0.0,0.7518014391547028,1.6666666666666679,32009.446428571708,6.0,1.0679892939942754,112.31445783131926,0.12048192771084343,146433.39285714255,137111.29285714304,3,6,41.6566265060241,45.975806451612904,39.08173076923077,44.0,20.0,0.45454545454545453,0.3636363636363638,39.0,11.0,0.28205128205128205,-0.15384615384615385,83.0,0.37349397590361444,83.0,0.37349397590361444,83.0,0.37349397590361444,52.0,0.0,31.0,1.0,,,,,,,,,,,,,,
M15@H1,wick_touch,against_daily,any,any,both,market,zone,fixed_rr,2.0,1.5,none,20,same,any,until_broken,999,0,any,any,any,any,any,any,any,any,own,any,none,20,24,close,173461,13217,1049,1049,341,708,0.32507149666348906,336,712,116370.14642857097,110.9343626583136,-466.4821428571486,2996.0835157363636,2634.185536237953,-1104.3603410008063,45086.578571428436,-22327.3964285715,-31.54430614974906,-0.030070835223783662,-1.0,1.4004017598466392,1.9837410376840205,-1.0,2.0,-1.0,-0.021473005880167404,0.0,-0.6954735010226194,-0.3033106360552794,67441.32142857178,104.0,1.1488324123000688,110.93436265831383,-0.03007083522378351,898257.2678571419,781887.121428571,6,18,23.622259294566252,31.966275659824046,19.6034604519774,493.0,173.0,0.3509127789046653,0.04554907474695931,556.0,168.0,0.302158273381295,-0.09712230215827339,1049.0,0.32507149666348906,1049.0,0.32507149666348906,,,712.0,0.0056179775280898875,336.0,1.0,1.0,1.0,1049.0,0.32507149666348906,,,,,,,,,,
M15@H1,wick_touch,at_transition,any,any,both,market,zone,fixed_rr,2.0,1.5,none,20,same,any,until_broken,999,0,any,any,any,any,any,any,any,any,own,any,none,20,24,close,173461,290,202,202,61,141,0.30198019801980197,61,141,-27984.61428571454,-138.53769448373535,-504.0553571428518,3824.1125005381123,2975.628571428566,-1485.801114488348,12597.199999999975,-32255.685714285755,-18.999999999999986,-0.09405940594059399,-1.0,1.380772138314615,2.0000000000000004,-1.0,2.0000000000000155,-1.0,-0.06812087478488948,0.0,-0.9681795409192634,-0.5428571428571427,60757.47857142892,34.999999999999986,0.8664205863037042,-138.53769448373544,-0.09405940594059392,181513.34285714253,209497.95714285708,4,11,14.087871287128714,19.262295081967213,11.849290780141844,110.0,37.0,0.33636363636363636,0.009090909090909236,92.0,24.0,0.2608695652173913,-0.21739130434782608,202.0,0.30198019801980197,202.0,0.30198019801980197,,,141.0,0.0,61.0,1.0,,,202.0,0.30198019801980197,,,,,,,,,,
M5@H1,wick_touch,against_daily,any,any,both,market,zone,fixed_rr,2.0,1.5,none,20,same,any,until_broken,999,0,any,any,any,any,any,any,any,any,own,any,none,20,24,close,156071,7654,503,503,165,338,0.32803180914512925,165,338,79801.28571428476,158.6506674240254,-667.38214285715,4187.624910522946,3782.622467532459,-1610.4479923922217,46917.23571428574,-22174.73928571435,-8.0,-0.015904572564612324,-1.0,1.409891609110857,2.0,-1.0,2.0,-1.0,-0.011280705879682825,0.0,-0.25299985286040594,-0.22857142857142856,63593.28571428585,35.0,1.1466042241413332,158.65066742402541,-0.015904572564612196,624132.7071428557,544331.421428571,5,12,17.689198144466534,24.12272727272727,14.548570019723867,186.0,75.0,0.4032258064516129,0.20967741935483872,317.0,90.0,0.28391167192429023,-0.14826498422712933,503.0,0.32803180914512925,503.0,0.32803180914512925,,,338.0,0.0,165.0,1.0,,,503.0,0.32803180914512925,,,,,,,,,,
M5@H1,wick_touch,at_transition,any,any,both,market,zone,fixed_rr,2.0,1.5,none,20,same,any,until_broken,999,0,any,any,any,any,any,any,any,any,own,any,none,20,24,close,156071,134,93,93,35,58,0.3763440860215054,35,58,33057.58928571477,355.457949308761,-577.9035714285328,5320.421610057412,4303.06102040817,-2026.7163177339858,24627.992857143,-31731.72142857138,12.0,0.12903225806451613,-1.0,1.4612814987240905,2.0,-1.0,2.0,-1.0,0.08830075394588921,0.0,0.8515416329865262,1.3333333333333333,39163.057142856684,9.0,1.2812226017886184,355.45794930876104,0.12903225806451613,150607.13571428595,117549.54642857118,4,7,11.8163082437276,16.321428571428573,9.097701149425287,48.0,19.0,0.3958333333333333,0.1875,45.0,16.0,0.35555555555555557,0.06666666666666667,93.0,0.3763440860215054,93.0,0.3763440860215054,,,58.0,0.0,35.0,1.0,,,93.0,0.3763440860215054,,,,,,,,,,
M5@M15,wick_touch,against_daily,any,any,both,market,zone,fixed_rr,2.0,1.5,none,20,same,any,until_broken,999,0,any,any,any,any,any,any,any,any,own,any,none,20,24,close,222820,16631,1608,1608,540,1068,0.3358208955223881,531,1077,58685.23571428463,36.49579335465462,-348.7767857142899,2153.2768737480105,1868.4587830687792,-889.777628410914,25346.33571428567,-17448.864285714262,3.000000000000064,0.0018656716417910846,-1.0,1.4113493221517455,1.9833333333333334,-1.0,2.0000000000000653,-1.0,0.0013219063576313471,0.0,0.05300828011453163,0.05454545454545571,47771.42499999986,55.0,1.061755567710837,36.495793354654666,0.001865671641791078,1008967.7428571407,950282.5071428561,6,11,5.586028192371477,7.095370370370371,4.822877652933832,584.0,217.0,0.3715753424657534,0.10787671232876722,1024.0,323.0,0.3154296875,-0.05859375,1608.0,0.3358208955223881,1608.0,0.3358208955223881,,,1077.0,0.008356545961002786,531.0,1.0,,,,,1608.0,0.3358208955223881,,,,,,,,
M5@M15,wick_touch,at_transition,any,any,both,market,zone,fixed_rr,2.0,1.5,none,20,same,any,until_broken,999,0,any,any,any,any,any,any,any,any,own,any,none,20,24,close,222820,258,143,143,45,98,0.3146853146853147,45,98,-570.1571428572606,-3.9871128871137107,-276.7035714285612,1598.6605303206502,1604.9358730158688,-742.7782798833811,6306.864285714437,-4796.553571428558,-8.0,-0.055944055944055944,-1.0,1.3980682032982417,2.0,-1.0,2.0,-1.0,-0.04001525520148156,0.0,-0.478512855401061,-0.5333333333333333,15952.271428571521,15.0,0.9921673395860888,-3.9871128871136534,-0.05594405594405594,72222.1142857141,72792.27142857134,4,10,3.7389277389277384,4.777777777777778,3.2619047619047623,76.0,26.0,0.34210526315789475,0.02631578947368421,67.0,19.0,0.2835820895522388,-0.14925373134328357,143.0,0.3146853146853147,143.0,0.3146853146853147,,,98.0,0.0,45.0,1.0,,,,,143.0,0.3146853146853147,,,,,,,,
H1@D1,wick_touch,against_daily,any,any,both,market,zone,fixed_rr,2.0,1.5,none,20,same,any,until_broken,999,0,any,any,any,any,any,any,any,any,own,any,none,20,24,close,69416,2898,187,187,57,130,0.3048128342245989,57,130,-174431.04642857134,-932.7863445378147,-1428.9999999999964,7004.892080402928,5323.747493734339,-3676.035796703297,15891.735714285733,-63822.92500000003,-16.0,-0.0855614973262032,-1.0,1.3846916819254185,2.0,-1.0,2.0,-1.0,-0.061791009827711,0.0,-0.8449793509097059,-0.6956521739130435,208072.4678571426,23.0,0.6349934128979109,-932.7863445378143,-0.08556149732620322,303453.6071428573,477884.6535714286,5,10,385.4385026737968,476.05263157894734,345.7076923076923,88.0,29.0,0.32954545454545453,-0.011363636363636364,99.0,28.0,0.2828282828282828,-0.15151515151515152,187.0,0.3048128342245989,187.0,0.3048128342245989,,,130.0,0.0,57.0,1.0,,,,,,,187.0,0.3048128342245989,,,,,,
H1@D1,wick_touch,at_transition,any,any,both,market,zone,fixed_rr,2.0,1.5,none,20,same,any,until_broken,999,0,any,any,any,any,any,any,any,any,own,any,none,20,24,close,69416,381,117,117,45,72,0.38461538461538464,45,72,7704.85357142859,65.85344932844949,-1307.2428571428645,8056.22362202021,6195.643174603174,-3765.2651289682544,21940.778571428655,-63374.778571428666,18.0,0.15384615384615385,-1.0,1.4657902694650264,2.0,-1.0,2.0,-1.0,0.10495782176416242,0.0,1.1352924243950937,1.2,63374.778571428666,15.0,1.0284208021197307,65.85344932844873,0.15384615384615385,278803.9428571428,271099.0892857143,5,6,415.008547008547,516.1333333333333,351.80555555555554,61.0,26.0,0.4262295081967213,0.2786885245901639,56.0,19.0,0.3392857142857143,0.017857142857142856,117.0,0.38461538461538464,117.0,0.38461538461538464,,,72.0,0.0,45.0,1.0,,,,,,,117.0,0.38461538461538464,,,,,,
H1@H4,wick_touch,any,push,any,both,market,zone,fixed_rr,2.0,1.5,none,20,same,any,until_broken,999,0,any,any,any,any,any,any,any,any,own,any,none,20,24,close,102673,335,97,97,39,58,0.4020618556701031,38,59,15550.149999999943,160.31082474226744,-721.0785714285521,5604.472692791624,5141.328021978014,-3188.993842364527,23281.985714285656,-14023.657142857155,18.999999999999996,0.19587628865979378,-1.0,1.4694044659439696,1.9743589743589745,-1.0,2.0,-1.0,0.13330318043776984,0.0,1.3128840686587633,1.357142857142857,62109.782142857155,14.0,1.0840722960706524,160.31082474226764,0.1958762886597939,200511.79285714254,184961.64285714258,4,13,247.72164948453607,267.38461538461536,234.5,97.0,39.0,0.4020618556701031,0.19587628865979378,0.0,0.0,0.0,0.0,97.0,0.4020618556701031,97.0,0.4020618556701031,97.0,0.4020618556701031,59.0,0.01694915254237288,38.0,1.0,,,,,,,,,,,,,,
H1@H4,wick_touch,any,pullback,any,both,market,zone,fixed_rr,2.0,1.5,none,20,same,any,until_broken,999,0,any,any,any,any,any,any,any,any,own,any,none,20,24,close,102673,5499,821,821,262,559,0.31912302070645554,261,560,59621.00714285698,72.61998433965528,-470.40357142857374,3515.8588721656206,3308.029607415484,-1443.7974060822899,35070.564285714136,-19227.714285714228,-35.99999999999999,-0.04384896467722289,-1.0,1.3979171951433984,1.9961832061068703,-1.0,2.000000000000006,-1.0,-0.03136735482585209,0.0,-0.8987718781431214,-0.38297872340425526,111817.02857142861,94.0,1.073872235706756,72.61998433965493,-0.04384896467722299,866703.7571428568,807082.75,10,17,141.6979293544458,163.95038167938932,131.26833631484794,449.0,167.0,0.37193763919821826,0.11358574610244991,372.0,95.0,0.2553763440860215,-0.23387096774193547,821.0,0.31912302070645554,821.0,0.31912302070645554,821.0,0.31912302070645554,560.0,0.0017857142857142857,261.0,1.0,,,,,,,,,,,,,,
H1@H4,wick_touch,any,reversal,any,both,market,zone,fixed_rr,2.0,1.5,none,20,same,any,until_broken,999,0,any,any,any,any,any,any,any,any,own,any,none,20,24,close,102673,475,111,111,26,85,0.23423423423423423,26,85,-52910.96071428634,-476.6753217503274,-1756.9642857142867,6004.360544384358,8034.799725274701,-3080.1853361344533,24125.785714285666,-13086.214285714277,-33.0,-0.2972972972972973,-1.0,1.2763199555725158,2.0,-1.0,2.0,-1.0,-0.23293320456149993,0.0,-2.454103590802381,-0.9428571428571428,81190.82142857139,35.0,0.7979076507332812,-476.67532175032693,-0.29729729729729726,208904.79285714222,261815.75357142853,4,12,420.2972972972973,369.53846153846155,435.8235294117647,0.0,0.0,0.0,0.0,111.0,26.0,0.23423423423423423,-0.2972972972972973,111.0,0.23423423423423423,111.0,0.23423423423423423,111.0,0.23423423423423423,85.0,0.0,26.0,1.0,,,,,,,,,,,,,,
M15@H4,wick_touch,any,push,any,both,market,zone,fixed_rr,2.0,1.5,none,20,same,any,until_broken,999,0,any,any,any,any,any,any,any,any,own,any,none,20,24,close,118270,619,82,82,26,56,0.3170731707317073,26,56,-32413.10714285709,-395.28179442508645,-978.3964285714433,4356.259777467622,4196.564285714272,-2527.2103316326456,17538.621428571423,-11790.421428571426,-4.0,-0.04878048780487805,-1.0,1.4045994906012496,2.0,-1.0,2.0,-1.0,-0.03472910828409684,0.0,-0.31448545101657555,-0.36363636363636365,65773.99999999985,11.0,0.7709705925743218,-395.2817944250862,-0.04878048780487798,109110.67142857106,141523.77857142815,3,9,33.673780487804876,52.97115384615385,24.714285714285715,70.0,25.0,0.35714285714285715,0.07142857142857142,12.0,1.0,0.08333333333333333,-0.75,82.0,0.3170731707317073,82.0,0.3170731707317073,82.0,0.3170731707317073,56.0,0.0,26.0,1.0,,,,,,,,,,,,,,
M15@H4,wick_touch,any,pullback,any,both,market,zone,fixed_rr,2.0,1.5,none,20,same,any,until_broken,999,0,any,any,any,any,any,any,any,any,own,any,none,20,24,close,118270,2696,354,354,114,240,0.3220338983050847,113,240,22553.199999999633,63.709604519772974,-500.3553571428597,3503.0965096389577,3256.0516917293216,-1452.6528869047627,33310.63571428567,-19755.746428571456,-13.725439332058428,-0.03877242749169048,-1.0,1.3996592209278267,1.9848645672626455,-1.0,2.0,-1.0,-0.027701333947550776,0.0,-0.521197487979077,-0.44275610748575567,85285.97857142884,31.000000000000007,1.0646896911944979,63.70960451977294,-0.03877242749169041,371189.89285714267,348636.69285714306,5,14,40.476694915254235,63.01754385964912,29.769791666666666,201.0,71.0,0.35323383084577115,0.05111721725344066,153.0,43.0,0.28104575163398693,-0.1568627450980392,354.0,0.3220338983050847,354.0,0.3220338983050847,354.0,0.3220338983050847,240.0,0.0,113.0,1.0,1.0,1.0,,,,,,,,,,,,
M15@H4,wick_touch,any,reversal,any,both,market,zone,fixed_rr,2.0,1.5,none,20,same,any,until_broken,999,0,any,any,any,any,any,any,any,any,own,any,none,20,24,close,118270,919,101,101,30,71,0.297029702970297,30,71,-10816.675000000076,-107.09579207920866,-1338.917857142883,4837.899863212174,5566.514047619037,-2504.395724346073,19302.035714285557,-7718.803571428589,-11.0,-0.10891089108910891,-1.0,1.377686394641465,2.0,-1.0,2.0,-1.0,-0.07905347074103344,0.0,-0.7944775483653056,-0.6470588235294118,47686.4178571428,17.0,0.9391679462912961,-107.09579207920865,-0.1089108910891089,166995.4214285711,177812.09642857118,4,10,84.27970297029702,81.34166666666667,85.52112676056338,18.0,6.0,0.3333333333333333,0.0,83.0,24.0,0.2891566265060241,-0.13253012048192772,101.0,0.297029702970297,101.0,0.297029702970297,101.0,0.297029702970297,71.0,0.0,30.0,1.0,,,,,,,,,,,,,,
M15@H1,wick_touch,any,push,any,both,market,zone,fixed_rr,2.0,1.5,none,20,same,any,until_broken,999,0,any,any,any,any,any,any,any,any,own,any,none,20,24,close,173461,639,173,173,64,109,0.3699421965317919,64,109,8748.864285714193,50.57146985961961,-434.9535714285821,2406.890133204571,2437.035379464285,-1350.6550458715603,7377.742857142948,-11790.421428571426,19.0,0.10982658959537572,-1.0,1.452570485816653,2.0,-1.0,2.0,-1.0,0.07560844080735253,0.0,0.9944737721972234,1.2666666666666666,42575.94999999991,15.0,1.0594265798702782,50.57146985961947,0.10982658959537572,155970.26428571425,147221.40000000008,4,11,13.06791907514451,21.04296875,8.385321100917432,158.0,62.0,0.3924050632911392,0.17721518987341772,15.0,2.0,0.13333333333333333,-0.6,173.0,0.3699421965317919,173.0,0.3699421965317919,,,109.0,0.0,64.0,1.0,,,173.0,0.3699421965317919,,,,,,,,,,
M15@H1,wick_touch,any,pullback,any,both,market,zone,fixed_rr,2.0,1.5,none,20,same,any,until_broken,999,0,any,any,any,any,any,any,any,any,own,any,none,20,24,close,173461,8350,1326,1326,436,890,0.3288084464555053,428,898,20408.632142857736,15.391125296272802,-318.2785714285842,2416.212376600059,1869.5307421363061,-892.9289566613163,34240.65714285716,-32255.685714285755,-26.0,-0.0196078431372549,-1.0,1.4033625914488606,1.981651376146789,-1.0,2.0,-1.0,-0.013972043473819093,0.0,-0.5087819439153374,-0.49056603773584906,65685.9428571428,53.0,1.0256807074968937,15.39112529627289,-0.019607843137254943,815115.4035714294,794706.7714285715,6,19,15.004336349924586,20.395642201834864,12.363202247191012,698.0,251.0,0.35959885386819485,0.07449856733524356,628.0,185.0,0.2945859872611465,-0.12420382165605096,1326.0,0.3288084464555053,1326.0,0.3288084464555053,,,898.0,0.008908685968819599,428.0,1.0,,,1326.0,0.3288084464555053,,,,,,,,,,
M15@H1,wick_touch,any,reversal,any,both,market,zone,fixed_rr,2.0,1.5,none,20,same,any,until_broken,999,0,any,any,any,any,any,any,any,any,own,any,none,20,24,close,173461,1045,184,184,57,127,0.30978260869565216,56,128,-10145.65357142922,-55.13942158385446,-789.9178571428365,2875.5706724651736,3230.761215538835,-1529.913723284589,14259.400000000096,-6057.910714285708,-14.0,-0.07608695652173914,-1.0,1.3848019380755467,1.9824561403508771,-1.0,2.0,-1.0,-0.05494428800950181,0.0,-0.7453005839366286,-0.45161290322580644,46392.82142857141,31.0,0.9477833064834564,-55.139421583854414,-0.07608695652173925,184153.3892857136,194299.0428571428,5,6,38.974184782608695,37.01754385964912,39.85236220472441,27.0,11.0,0.4074074074074074,0.2222222222222222,157.0,46.0,0.2929936305732484,-0.12738853503184713,184.0,0.30978260869565216,184.0,0.30978260869565216,,,128.0,0.0078125,56.0,1.0,,,184.0,0.30978260869565216,,,,,,,,,,
M5@H1,wick_touch,any,push,any,both,market,zone,fixed_rr,2.0,1.5,none,20,same,any,until_broken,999,0,any,any,any,any,any,any,any,any,own,any,none,20,24,close,156071,580,117,117,36,81,0.3076923076923077,36,81,-25082.67857142905,-214.3818681318722,-757.6750000000175,2521.3341667368427,2746.3285714285757,-1530.2531746031823,5791.250000000036,-11326.439285714241,-9.0,-0.07692307692307693,-1.0,1.3905707470864332,2.0,-1.0,2.0,-1.0,-0.05531762917079087,0.0,-0.598351645237167,-0.5625,46514.47857142907,16.0,0.7976395647778973,-214.381868131872,-0.07692307692307687,98867.82857142872,123950.50714285776,3,7,9.41096866096866,16.916666666666668,6.075102880658436,116.0,36.0,0.3103448275862069,-0.06896551724137931,1.0,0.0,0.0,-1.0,117.0,0.3076923076923077,117.0,0.3076923076923077,,,81.0,0.0,36.0,1.0,,,117.0,0.3076923076923077,,,,,,,,,,
M5@H1,wick_touch,any,pullback,any,both,market,zone,fixed_rr,2.0,1.5,none,20,same,any,until_broken,999,0,any,any,any,any,any,any,any,any,own,any,none,20,24,close,156071,4364,485,485,163,322,0.33608247422680415,163,322,51597.1892857152,106.38595729013443,-461.67499999996835,3799.6874342530905,3002.0554338299794,-1359.4343056787932,46917.23571428574,-31731.72142857138,4.000000000000018,0.008247422680412408,-1.0,1.4185656606928196,2.0,-1.0,2.0000000000000178,-1.0,0.005813916767437055,0.0,0.12803823517474214,0.1481481481481488,50798.98214285732,27.0,1.1178723514694648,106.38595729013468,0.008247422680412453,489335.0357142866,437737.8464285714,6,11,12.540893470790378,18.21881390593047,9.666666666666666,276.0,108.0,0.391304347826087,0.17391304347826092,209.0,55.0,0.2631578947368421,-0.21052631578947367,485.0,0.33608247422680415,485.0,0.33608247422680415,,,322.0,0.0,163.0,1.0,,,485.0,0.33608247422680415,,,,,,,,,,
M5@H1,wick_touch,any,reversal,any,both,market,zone,fixed_rr,2.0,1.5,none,20,same,any,until_broken,999,0,any,any,any,any,any,any,any,any,own,any,none,20,24,close,156071,1096,152,152,50,102,0.32894736842105265,50,102,-2894.9000000006454,-19.04539473684635,-715.983928571427,2680.600917997088,2930.3409999999803,-1464.8230392156827,14157.78571428582,-5288.42857142854,-2.0,-0.013157894736842105,-1.0,1.4141519448943662,2.0,-1.0,2.0,-1.0,-0.009304441990372518,0.0,-0.11471286499052977,-0.07142857142857142,43594.86428571426,28.0,0.980624709067778,-19.045394736846106,-0.013157894736842035,146517.04999999903,149411.94999999963,7,7,14.610197368421053,13.461666666666668,15.173202614379086,5.0,2.0,0.4,0.2,147.0,48.0,0.32653061224489793,-0.02040816326530612,152.0,0.32894736842105265,152.0,0.32894736842105265,,,102.0,0.0,50.0,1.0,,,152.0,0.32894736842105265,,,,,,,,,,
M5@M15,wick_touch,any,push,any,both,market,zone,fixed_rr,2.0,1.5,none,20,same,any,until_broken,999,0,any,any,any,any,any,any,any,any,own,any,none,20,24,close,222820,1009,304,304,110,194,0.3618421052631579,110,194,39342.44285714503,129.41593045113498,-260.5874999999969,1745.7077760079876,1782.0507142857296,-807.6450294550787,8191.514285714402,-7141.214285714341,26.0,0.08552631578947369,-1.0,1.443977267528882,2.0,-1.0,2.0,-1.0,0.059229682982362475,0.0,1.0327048103122753,1.5294117647058822,30174.053571427852,17.0,1.2510955801196546,129.41593045113495,0.08552631578947378,196025.57857143026,156683.13571428525,4,9,3.758223684210526,7.422727272727273,1.6804123711340206,301.0,110.0,0.3654485049833887,0.09634551495016612,3.0,0.0,0.0,-1.0,304.0,0.3618421052631579,304.0,0.3618421052631579,,,194.0,0.0,110.0,1.0,,,,,304.0,0.3618421052631579,,,,,,,,
M5@M15,wick_touch,any,pullback,any,both,market,zone,fixed_rr,2.0,1.5,none,20,same,any,until_broken,999,0,any,any,any,any,any,any,any,any,own,any,none,20,24,close,222820,11724,1841,1841,616,1225,0.33460076045627374,611,1230,56801.75357143016,30.85374990300389,-276.82142857142935,1664.5543421767165,1586.7576762523217,-751.5436530612245,12720.842857142816,-10974.310714285639,2.0,0.0010863661053775121,-1.0,1.4130597827417137,1.9918831168831168,-1.0,2.0,-1.0,0.000768804065224807,0.0,0.0329869806225137,0.027777777777777776,60600.214285713446,72.0,1.0616980507210536,30.853749903003802,0.0010863661053773788,977442.7285714302,920640.975,5,17,4.673003802281369,5.819669913419913,4.096394557823129,999.0,346.0,0.34634634634634637,0.037037037037037035,842.0,270.0,0.32066508313539194,-0.04156769596199525,1841.0,0.33460076045627374,1841.0,0.33460076045627374,,,1230.0,0.0040650406504065045,611.0,1.0,,,,,1841.0,0.33460076045627374,,,,,,,,
M5@M15,wick_touch,any,reversal,any,both,market,zone,fixed_rr,2.0,1.5,none,20,same,any,until_broken,999,0,any,any,any,any,any,any,any,any,own,any,none,20,24,close,222820,1383,283,283,85,198,0.3003533568904594,85,198,-16566.45357142893,-58.538705199395515,-412.34285714281214,2104.295882141211,1784.8536974789856,-849.8940295815289,25346.33571428567,-4768.810714285701,-28.0,-0.0989399293286219,-1.0,1.3776710767340288,2.0,-1.0,2.0,-1.0,-0.07181680083113418,0.0,-1.208145589528894,-0.6222222222222222,48226.03214285728,45.0,0.9015536590218709,-58.53870519939551,-0.09893992932862183,151712.56428571377,168279.01785714272,4,12,5.63339222614841,6.980392156862745,5.05513468013468,2.0,1.0,0.5,0.5,281.0,84.0,0.298932384341637,-0.10320284697508897,283.0,0.3003533568904594,283.0,0.3003533568904594,,,198.0,0.0,85.0,1.0,,,,,283.0,0.3003533568904594,,,,,,,,
H1@D1,wick_touch,any,push,any,both,market,zone,fixed_rr,2.0,1.5,none,20,same,any,until_broken,999,0,any,any,any,any,any,any,any,any,own,any,none,20,24,close,69416,142,36,36,10,26,0.2777777777777778,10,26,-20265.22499999981,-562.9229166666614,-1747.6821428571498,5755.726733532714,5564.102857142875,-2919.4712912087907,18692.914285714323,-21904.564285714332,-6.0,-0.16666666666666666,-1.0,1.3627702877384937,2.0,-1.0,2.0,-1.0,-0.12229989761755714,0.0,-0.7337993857053429,-0.5454545454545454,36477.65357142842,11.0,0.7330229849780423,-562.922916666661,-0.16666666666666663,55641.02857142875,75906.25357142856,3,6,99.38888888888889,91.5,102.42307692307692,21.0,7.0,0.3333333333333333,0.0,15.0,3.0,0.2,-0.4,36.0,0.2777777777777778,36.0,0.2777777777777778,,,26.0,0.0,10.0,1.0,,,,,,,36.0,0.2777777777777778,,,,,,
H1@D1,wick_touch,any,pullback,any,both,market,zone,fixed_rr,2.0,1.5,none,20,same,any,until_broken,999,0,any,any,any,any,any,any,any,any,own,any,none,20,24,close,69416,1653,149,149,59,90,0.3959731543624161,58,90,-9960.714285713926,-66.85043144774447,-874.1964285714175,6422.385498775579,4242.1578692493995,-2891.644761904761,15720.778571428582,-61723.23571428578,26.07419402325924,0.1749945907601291,-1.0,1.464541856784652,1.9673592207332073,-1.0,2.0,-1.0,0.11948759944923891,0.0,1.4585320280676464,2.17284950193827,74134.18571428559,12.0,0.9617260720844228,-66.85043144774454,0.17499459076012902,250287.31428571456,260248.02857142847,4,6,285.71812080536915,262.8813559322034,300.68888888888887,73.0,34.0,0.4657534246575342,0.3708793701816334,76.0,25.0,0.32894736842105265,-0.013157894736842105,149.0,0.3959731543624161,149.0,0.3959731543624161,,,90.0,0.0,58.0,1.0,1.0,1.0,,,,,149.0,0.3959731543624161,,,,,,
H1@D1,wick_touch,any,reversal,any,both,market,zone,fixed_rr,2.0,1.5,none,20,same,any,until_broken,999,0,any,any,any,any,any,any,any,any,own,any,none,20,24,close,69416,551,52,52,19,33,0.36538461538461536,18,33,-8831.307142857157,-169.83282967032994,-3579.678571428576,10049.291252595183,9689.134962406004,-5846.208225108217,45943.999999999956,-17499.39285714281,3.8861454698627442,0.0747335667281297,-1.0,1.4382371309156674,1.9413760773611972,-1.0,2.0,-1.0,0.051961922774549606,0.0,0.37470275387067725,0.32384545582189533,105780.05714285691,12.0,0.9542241128504427,-169.83282967032892,0.0747335667281297,184093.56428571406,192924.87142857118,4,8,480.6730769230769,601.7368421052631,410.969696969697,13.0,7.0,0.5384615384615384,0.6153846153846154,39.0,12.0,0.3076923076923077,-0.10548344949069886,52.0,0.36538461538461536,52.0,0.36538461538461536,,,33.0,0.0,18.0,1.0,1.0,1.0,,,,,52.0,0.36538461538461536,,,,,,
H1@H4,wick_touch,any,any,fresh,both,market,zone,fixed_rr,2.0,1.5,none,20,same,any,until_broken,999,0,any,any,any,any,any,any,any,any,own,any,none,20,24,close,102673,6346,707,707,218,489,0.30834512022630833,217,489,-33855.01428571494,-47.885451606386056,-762.4214285714288,3406.6996656654487,3455.007142857141,-1609.502191060474,18404.257142857157,-38461.13928571421,-54.82956680568778,-0.0775524282965881,-1.0,1.3842378996854647,1.9916074917170286,-1.0,2.000000000000005,-1.0,-0.056025361185537574,0.0,-1.4896847501571424,-0.9138261134281295,98230.94999999985,60.000000000000014,0.9569847382420273,-47.88545160638614,-0.07755242829658815,753191.5571428568,787046.5714285717,5,15,83.47949080622348,115.54128440366972,69.18609406952966,355.0,126.0,0.35492957746478876,0.05963502308256963,352.0,92.0,0.26136363636363635,-0.2159090909090909,707.0,0.30834512022630833,707.0,0.30834512022630833,707.0,0.30834512022630833,489.0,0.0,217.0,1.0,1.0,1.0,,,,,,,,,,,,
H1@H4,wick_touch,any,any,young,both,market,zone,fixed_rr,2.0,1.5,none,20,same,any,until_broken,999,0,any,any,any,any,any,any,any,any,own,any,none,20,24,close,102673,7292,688,688,243,445,0.35319767441860467,241,446,75715.89642857102,110.05217504152765,-688.310714285717,4019.145413867236,3740.9841563785985,-1872.6814686998391,35070.564285714136,-19227.714285714228,38.21354296290575,0.055542940353060684,-1.0,1.4315650926002579,1.988533098612781,-1.0,2.0000000000000036,-1.0,0.03879875294540322,0.0,1.017681749036251,0.764270859258115,75364.8964285712,50.0,1.090857994114764,110.05217504152779,0.05554294035306084,909059.1499999994,833343.2535714284,6,11,205.50290697674419,302.90946502057614,152.3123595505618,361.0,148.0,0.4099722991689751,0.2221981799526475,327.0,95.0,0.290519877675841,-0.12844036697247707,688.0,0.35319767441860467,688.0,0.35319767441860467,688.0,0.35319767441860467,446.0,0.002242152466367713,241.0,1.0,1.0,1.0,,,,,,,,,,,,
H1@H4,wick_touch,any,any,mature,both,market,zone,fixed_rr,2.0,1.5,none,20,same,any,until_broken,999,0,any,any,any,any,any,any,any,any,own,any,none,20,24,close,102673,4145,571,571,171,400,0.29947460595446584,171,400,-72399.47142857197,-126.79417062797192,-640.2107142857176,3922.4879155227327,3571.8911027568874,-1707.9821249999993,42483.29999999987,-14023.657142857155,-58.000000000000014,-0.10157618213660248,-1.0,1.375288538424916,2.0,-1.0,2.0,-1.0,-0.07385808817467146,0.0,-1.7648837964055362,-0.7733333333333335,138864.7321428575,75.0,0.8940277676668132,-126.79417062797211,-0.10157618213660247,610793.3785714278,683192.8499999997,3,15,183.58844133099825,205.68421052631578,174.1425,338.0,118.0,0.34911242603550297,0.04733727810650881,233.0,53.0,0.22746781115879827,-0.31759656652360513,571.0,0.29947460595446584,571.0,0.29947460595446584,571.0,0.29947460595446584,400.0,0.0,171.0,1.0,,,,,,,,,,,,,,
H1@H4,wick_touch,any,any,old,both,market,zone,fixed_rr,2.0,1.5,none,20,same,any,until_broken,999,0,any,any,any,any,any,any,any,any,own,any,none,20,24,close,102673,3509,479,479,166,313,0.3465553235908142,166,313,75002.1142857149,156.58061437518768,-397.7499999999736,3322.8701557070044,3142.0864888123947,-1426.7867183934268,16340.392857142864,-19955.474999999933,19.0,0.03966597077244259,-1.0,1.4291103433768513,2.0,-1.0,2.0,-1.0,0.027755708966961706,0.0,0.6074633512763605,0.5588235294117647,39569.52499999992,34.0,1.1679461724978668,156.5806143751879,0.039665970772442605,521586.3571428575,446584.2428571426,6,9,211.90814196242172,237.84337349397592,198.15335463258785,256.0,98.0,0.3828125,0.1484375,223.0,68.0,0.30493273542600896,-0.08520179372197309,479.0,0.3465553235908142,479.0,0.3465553235908142,479.0,0.3465553235908142,313.0,0.0,166.0,1.0,,,,,,,,,,,,,,
M15@H4,wick_touch,any,any,fresh,both,market,zone,fixed_rr,2.0,1.5,none,20,same,any,until_broken,999,0,any,any,any,any,any,any,any,any,own,any,none,20,24,close,118270,5756,432,432,136,296,0.3148148148148148,136,296,19688.1035714286,45.57431382275139,-949.2589285714189,4040.335815666902,4187.7386029411755,-1857.582251447876,19302.035714285557,-35771.27857142859,-23.999999999999982,-0.055555555555555504,-1.0,1.3949416961484513,2.0000000000000004,-1.0,2.000000000000039,-1.0,-0.039826435548488484,0.0,-0.8277769182521919,-0.5454545454545453,101497.89642857148,43.99999999999998,1.0358066854725516,45.57431382275149,-0.05555555555555536,569532.4499999998,549844.3464285713,6,15,56.72453703703704,79.7279411764706,46.1554054054054,225.0,81.0,0.36,0.0800000000000001,207.0,55.0,0.26570048309178745,-0.2028985507246377,432.0,0.3148148148148148,432.0,0.3148148148148148,432.0,0.3148148148148148,296.0,0.0,136.0,1.0,,,,,,,,,,,,,,
M15@H4,wick_touch,any,any,young,both,market,zone,fixed_rr,2.0,1.5,none,20,same,any,until_broken,999,0,any,any,any,any,any,any,any,any,own,any,none,20,24,close,118270,5010,312,312,104,208,0.3333333333333333,103,208,-23238.142857143,-74.48122710622756,-1021.5660714285605,4145.273032821713,4145.708722527468,-2184.5762019230756,26362.185714285624,-19021.742857142817,-1.722180552015742,-0.005519809461588914,-1.0,1.4120151360706148,1.9834405716152332,-1.0,2.000000000000008,-1.0,-0.003909171594965728,0.0,-0.06904973742435747,-0.10130473835386718,75447.10357142877,17.0,0.9488588035697758,-74.48122710622783,-0.005519809461589031,431153.7071428567,454391.8499999997,4,11,61.438301282051285,75.53125,54.39182692307692,162.0,65.0,0.4012345679012346,0.19307295955545836,150.0,39.0,0.26,-0.22,312.0,0.3333333333333333,312.0,0.3333333333333333,312.0,0.3333333333333333,208.0,0.0,103.0,1.0,1.0,1.0,,,,,,,,,,,,
M15@H4,wick_touch,any,any,mature,both,market,zone,fixed_rr,2.0,1.5,none,20,same,any,until_broken,999,0,any,any,any,any,any,any,any,any,own,any,none,20,24,close,118270,2260,242,242,72,170,0.2975206611570248,72,170,-27446.271428571985,-113.41434474616523,-741.7410714285552,4752.139001623785,3966.039583333322,-1841.1830672268886,48734.34285714284,-18386.474999999973,-25.99999999999999,-0.10743801652892558,-1.0,1.3743449764885702,2.0,-1.0,2.00000000000001,-1.0,-0.07817397987179901,0.0,-1.2161017281531745,-0.8387096774193545,67397.1821428576,31.0,0.9123125460276176,-113.41434474616472,-0.1074380165289256,285554.84999999916,313001.12142857106,3,10,51.424586776859506,54.46527777777778,50.13676470588236,145.0,52.0,0.3586206896551724,0.07586206896551731,97.0,20.0,0.20618556701030927,-0.38144329896907214,242.0,0.2975206611570248,242.0,0.2975206611570248,242.0,0.2975206611570248,170.0,0.0,72.0,1.0,,,,,,,,,,,,,,
M15@H4,wick_touch,any,any,old,both,market,zone,fixed_rr,2.0,1.5,none,20,same,any,until_broken,999,0,any,any,any,any,any,any,any,any,own,any,none,20,24,close,118270,1207,141,141,42,99,0.2978723404255319,42,99,-17612.41785714335,-124.91076494427908,-503.32499999999527,3156.3230341550634,2921.490646258497,-1417.3234848484872,14013.007142857168,-19193.52142857133,-15.0,-0.10638297872340426,-1.0,1.3768604434913017,2.0,-1.0,2.0,-1.0,-0.07726489581881603,0.0,-0.9174698042719671,-0.75,45578.87500000015,20.0,0.8744794589378911,-124.91076494427921,-0.1063829787234043,122702.60714285687,140315.02500000023,6,12,40.691489361702125,71.8452380952381,27.474747474747474,77.0,29.0,0.37662337662337664,0.12987012987012986,64.0,13.0,0.203125,-0.390625,141.0,0.2978723404255319,141.0,0.2978723404255319,141.0,0.2978723404255319,99.0,0.0,42.0,1.0,,,,,,,,,,,,,,
M15@H1,wick_touch,any,any,fresh,both,market,zone,fixed_rr,2.0,1.5,none,20,same,any,until_broken,999,0,any,any,any,any,any,any,any,any,own,any,none,20,24,close,173461,12893,1190,1190,421,769,0.35378151260504204,419,770,118227.13214285555,99.35053121248366,-501.68214285713475,3032.1006862572744,2477.6725568374586,-1202.6957272896157,45086.578571428436,-29551.014285714336,70.45569385025092,0.059206465420378926,-1.0,1.433128469935699,1.9939565174590286,-1.0,2.0,-1.0,0.04131274108526738,0.0,1.4251398757364917,2.5162747803661043,52033.90714285783,28.0,1.127830664660665,99.35053121248393,0.059206465420379106,1043100.14642857,924873.0142857145,8,11,23.590966386554623,30.32600950118765,19.9037711313394,620.0,242.0,0.3903225806451613,0.1668640223391144,570.0,179.0,0.3140350877192982,-0.05789473684210526,1190.0,0.35378151260504204,1190.0,0.35378151260504204,,,770.0,0.0012987012987012987,419.0,1.0,1.0,1.0,1190.0,0.35378151260504204,,,,,,,,,,
M15@H1,wick_touch,any,any,young,both,market,zone,fixed_rr,2.0,1.5,none,20,same,any,until_broken,999,0,any,any,any,any,any,any,any,any,own,any,none,20,24,close,173461,9620,1104,1104,376,728,0.34057971014492755,372,731,-7182.757142858645,-6.506120600415439,-419.0607142856834,2252.8568186903995,2051.17080167173,-1069.2623332025123,16802.635714285498,-16245.95714285706,19.795759291386524,0.017930941387125476,-1.0,1.4184633687278358,1.9888185087536876,-1.0,2.0,-1.0,0.012641102888125363,0.0,0.4200195476164189,0.4303425932910114,100032.47857142834,46.0,0.9907726809965959,-6.506120600415329,0.017930941387125476,771240.2214285703,778422.9785714289,7,17,17.43840579710145,23.236702127659573,14.44368131868132,577.0,202.0,0.35008665511265163,0.044706688546597095,527.0,174.0,0.3301707779886148,-0.011385199240986717,1104.0,0.34057971014492755,1104.0,0.34057971014492755,,,731.0,0.004103967168262654,372.0,1.0,1.0,1.0,1104.0,0.34057971014492755,,,,,,,,,,
M15@H1,wick_touch,any,any,mature,both,market,zone,fixed_rr,2.0,1.5,none,20,same,any,until_broken,999,0,any,any,any,any,any,any,any,any,own,any,none,20,24,close,173461,6685,789,789,254,535,0.32192648922686945,250,539,-11806.985714285087,-14.964493934455117,-404.02500000000146,2466.8413675873862,2196.0081692913423,-1064.659926568759,21667.035714285885,-21621.392857142928,-30.999999999999986,-0.03929024081115334,-1.0,1.3969609884376946,1.984251968503937,-1.0,2.0000000000000155,-1.0,-0.02812551040175716,0.0,-0.7900215064151908,-0.5344827586206895,80422.2035714286,57.999999999999986,0.9792711910860029,-14.964493934455277,-0.0392902408111534,557786.0750000009,569593.060714286,4,15,18.25443599493029,25.368110236220474,14.877102803738318,417.0,145.0,0.34772182254196643,0.03836930455635495,372.0,109.0,0.29301075268817206,-0.12634408602150538,789.0,0.32192648922686945,789.0,0.32192648922686945,,,539.0,0.0074211502782931356,250.0,1.0,,,789.0,0.32192648922686945,,,,,,,,,,
M15@H1,wick_touch,any,any,old,both,market,zone,fixed_rr,2.0,1.5,none,20,same,any,until_broken,999,0,any,any,any,any,any,any,any,any,own,any,none,20,24,close,173461,4316,610,610,177,433,0.2901639344262295,174,436,-67103.48214285666,-110.00570843091256,-366.5089285713975,2332.3401737387,1983.793987086361,-965.9007340811607,20109.89285714295,-22327.3964285715,-82.0,-0.13442622950819672,-1.0,1.3567183973912622,1.9830508474576272,-1.0,2.0,-1.0,-0.09908189478868673,0.0,-2.4471422810492642,-0.9761904761904762,74390.14285714224,84.0,0.8395555625957237,-110.0057084309127,-0.13442622950819672,351131.5357142859,418235.0178571426,7,13,19.908196721311477,27.968926553672315,16.613163972286372,340.0,107.0,0.31470588235294117,-0.06470588235294118,270.0,70.0,0.25925925925925924,-0.2222222222222222,610.0,0.2901639344262295,610.0,0.2901639344262295,,,436.0,0.006880733944954129,174.0,1.0,,,610.0,0.2901639344262295,,,,,,,,,,
M5@H1,wick_touch,any,any,fresh,both,market,zone,fixed_rr,2.0,1.5,none,20,same,any,until_broken,999,0,any,any,any,any,any,any,any,any,own,any,none,20,24,close,156071,8981,546,546,182,364,0.3333333333333333,182,364,29801.37857142796,54.58127943484974,-763.6803571428345,4296.132411610553,3736.7315934065878,-1786.4938775510195,46917.23571428574,-28820.932142857146,0.0,0.0,-1.0,1.4155104113960597,2.0,-1.0,2.0,-1.0,0.0,0.0,0.0,0.0,58002.675000000396,33.0,1.0458282674131003,54.58127943484919,-1.1102230246251565e-16,680085.149999999,650283.7714285711,6,9,18.91559829059829,25.29945054945055,15.723672161172162,281.0,107.0,0.3807829181494662,0.1423487544483986,265.0,75.0,0.2830188679245283,-0.1509433962264151,546.0,0.3333333333333333,546.0,0.3333333333333333,,,364.0,0.0,182.0,1.0,,,546.0,0.3333333333333333,,,,,,,,,,
M5@H1,wick_touch,any,any,young,both,market,zone,fixed_rr,2.0,1.5,none,20,same,any,until_broken,999,0,any,any,any,any,any,any,any,any,own,any,none,20,24,close,156071,5798,432,432,144,288,0.3333333333333333,144,288,-13257.84285714276,-30.68945105820083,-669.6500000000015,3032.0162793827867,3048.0646825396843,-1570.066517857143,13567.607142857014,-15784.110714285634,7.105427357601002e-15,1.644774851296528e-17,-1.0,1.415853230822213,2.0,-1.0,2.0000000000000075,-1.0,1.1616845697638985e-17,0.0,2.414516036639837e-16,1.7330310628295127e-16,73126.77857142844,41.0,0.9706801106426183,-30.689451058200802,-1.1102230246251565e-16,438921.3142857145,452179.1571428572,5,14,15.811921296296296,22.78125,12.327256944444445,241.0,89.0,0.36929460580912865,0.10788381742738593,191.0,55.0,0.2879581151832461,-0.13612565445026178,432.0,0.3333333333333333,432.0,0.3333333333333333,,,288.0,0.0,144.0,1.0,,,432.0,0.3333333333333333,,,,,,,,,,
M5@H1,wick_touch,any,any,mature,both,market,zone,fixed_rr,2.0,1.5,none,20,same,any,until_broken,999,0,any,any,any,any,any,any,any,any,own,any,none,20,24,close,156071,3624,321,321,100,221,0.3115264797507788,100,221,-7294.349999999518,-22.723831775699434,-639.8571428571358,3741.204319837409,3539.364428571437,-1634.528474466711,24627.992857143,-15388.03928571424,-21.0,-0.06542056074766354,-1.0,1.391521388876554,2.0,-1.0,2.0,-1.0,-0.047013693983159605,0.0,-0.8423195726346616,-0.4117647058823529,97953.43928571387,51.0,0.9798069540464559,-22.723831775699182,-0.06542056074766356,353936.4428571437,361230.79285714315,5,17,16.09657320872274,18.66916666666667,14.932503770739066,178.0,63.0,0.3539325842696629,0.06179775280898876,143.0,37.0,0.25874125874125875,-0.22377622377622378,321.0,0.3115264797507788,321.0,0.3115264797507788,,,221.0,0.0,100.0,1.0,,,321.0,0.3115264797507788,,,,,,,,,,
M5@H1,wick_touch,any,any,old,both,market,zone,fixed_rr,2.0,1.5,none,20,same,any,until_broken,999,0,any,any,any,any,any,any,any,any,own,any,none,20,24,close,156071,1966,263,263,81,182,0.30798479087452474,81,182,-45895.735714286406,-174.50850081477722,-507.3285714285703,3153.3102285776295,2673.2758377425007,-1441.9290031397197,18534.51428571443,-22174.73928571435,-20.0,-0.07604562737642585,-1.0,1.3876212380186004,2.0,-1.0,2.0,-1.0,-0.054802870763935724,0.0,-0.8887532117318917,-0.5,65814.63214285778,40.0,0.8251131841391474,-174.5085008147771,-0.07604562737642573,216535.34285714256,262431.078571429,6,9,11.010773130544994,15.971193415637861,8.803113553113553,147.0,47.0,0.3197278911564626,-0.04081632653061224,116.0,34.0,0.29310344827586204,-0.1206896551724138,263.0,0.30798479087452474,263.0,0.30798479087452474,,,182.0,0.0,81.0,1.0,,,263.0,0.30798479087452474,,,,,,,,,,
M5@M15,wick_touch,any,any,fresh,both,market,zone,fixed_rr,2.0,1.5,none,20,same,any,until_broken,999,0,any,any,any,any,any,any,any,any,own,any,none,20,24,close,222820,17983,1563,1563,524,1039,0.3352527191298784,522,1040,73461.77500000094,47.00049584133138,-448.0428571428547,2426.2022076369685,2209.2755657033795,-1043.502041798431,25346.33571428567,-19541.857142857134,6.039885484068197,0.0038642901369598187,-1.0,1.4151137394693905,1.9943509264963135,-1.0,2.0,-1.0,0.0027307275939591744,0.0,0.10795875508608335,0.14380679723971898,56354.9285714283,42.0,1.0677567500530538,47.00049584133137,0.0038642901369597693,1157660.3964285708,1084198.6214285698,7,16,7.653550863723608,10.498091603053435,6.218960538979788,825.0,307.0,0.37212121212121213,0.11277561876856752,738.0,217.0,0.2940379403794038,-0.11788617886178862,1563.0,0.3352527191298784,1563.0,0.3352527191298784,,,1040.0,0.0009615384615384616,522.0,1.0,1.0,1.0,,,1563.0,0.3352527191298784,,,,,,,,
M5@M15,wick_touch,any,any,young,both,market,zone,fixed_rr,2.0,1.5,none,20,same,any,until_broken,999,0,any,any,any,any,any,any,any,any,own,any,none,20,24,close,222820,15667,1633,1633,533,1100,0.3263931414574403,527,1106,-17023.17499999881,-10.424479485608579,-334.1071428571013,1859.204263218226,1717.5647815599052,-847.713821428571,23798.285714285703,-11988.02857142864,-40.00000000000004,-0.024494794856093106,-1.0,1.4031259325089167,1.9887429643527204,-1.0,2.0,-1.0,-0.01745730321746259,0.0,-0.705456513456329,-0.5882352941176476,114589.64642857225,68.0,0.9817442947782982,-10.424479485608344,-0.02449479485609307,915462.0285714294,932485.2035714281,7,13,5.552204531537049,7.348030018761726,4.682045454545454,904.0,316.0,0.3495575221238938,0.04535398230088491,729.0,217.0,0.29766803840877915,-0.1111111111111111,1633.0,0.3263931414574403,1633.0,0.3263931414574403,,,1106.0,0.0054249547920434,527.0,1.0,,,,,1633.0,0.3263931414574403,,,,,,,,
M5@M15,wick_touch,any,any,mature,both,market,zone,fixed_rr,2.0,1.5,none,20,same,any,until_broken,999,0,any,any,any,any,any,any,any,any,own,any,none,20,24,close,222820,6299,1006,1006,322,684,0.32007952286282304,317,689,-74265.00357142728,-73.82207114455993,-300.0160714285812,1953.9111740124476,1578.736135758654,-851.7807591896402,28824.985714285685,-11665.728571428463,-45.0,-0.04473161033797217,-1.0,1.3947260568536242,1.984472049689441,-1.0,2.0,-1.0,-0.03207196862650049,0.0,-1.0172427628686807,-0.6521739130434783,106263.29285714179,69.0,0.8725322620245749,-73.82207114455997,-0.04473161033797224,508353.0357142866,582618.0392857139,6,13,4.770377733598409,5.5,4.426900584795321,586.0,200.0,0.3412969283276451,0.017064846416382253,420.0,122.0,0.2904761904761905,-0.13095238095238096,1006.0,0.32007952286282304,1006.0,0.32007952286282304,,,689.0,0.00725689404934688,317.0,1.0,,,,,1006.0,0.32007952286282304,,,,,,,,
M5@M15,wick_touch,any,any,old,both,market,zone,fixed_rr,2.0,1.5,none,20,same,any,until_broken,999,0,any,any,any,any,any,any,any,any,own,any,none,20,24,close,222820,6717,1055,1055,352,703,0.33364928909952607,350,705,49119.821428571784,46.55907244414387,-273.06428571428114,1826.2023687847616,1737.0500202922094,-799.8887421255847,12720.842857142816,-13882.232142857174,-1.0,-0.0009478672985781991,-1.0,1.4132065669550633,1.9943181818181819,-1.0,2.0,-1.0,-0.0006707209835717803,0.0,-0.02178552966725135,-0.014285714285714285,49883.13571428525,70.0,1.0873518022535398,46.559072444143794,-0.0009478672985782088,611441.6071428577,562321.785714286,6,14,4.508135860979462,6.799715909090909,3.360715979137032,578.0,197.0,0.3408304498269896,0.020761245674740483,477.0,155.0,0.3249475890985325,-0.027253668763102725,1055.0,0.33364928909952607,1055.0,0.33364928909952607,,,705.0,0.0028368794326241137,350.0,1.0,,,,,1055.0,0.33364928909952607,,,,,,,,
H1@D1,wick_touch,any,any,fresh,both,market,zone,fixed_rr,2.0,1.5,none,20,same,any,until_broken,999,0,any,any,any,any,any,any,any,any,own,any,none,20,24,close,69416,2725,145,145,60,85,0.41379310344827586,59,85,2381.321428571566,16.422906403941834,-1543.182142857131,8342.89595189832,6569.488214285714,-4609.27025210084,31268.685714285675,-61723.23571428578,33.07419402325924,0.22809788981558096,-1.0,1.475403313243325,1.9679032337209874,-1.0,2.0,-1.0,0.1546003643669213,0.0,1.861634909440033,2.7561828352716033,166977.12857142847,12.0,1.006078087134448,16.422906403940942,0.22809788981558088,394169.29285714286,391787.9714285714,6,12,487.35172413793106,603.75,405.18823529411765,70.0,35.0,0.5,0.4724884860465606,75.0,25.0,0.3333333333333333,0.0,145.0,0.41379310344827586,145.0,0.41379310344827586,,,85.0,0.0,59.0,1.0,1.0,1.0,,,,,145.0,0.41379310344827586,,,,,,
H1@D1,wick_touch,any,any,young,both,market,zone,fixed_rr,2.0,1.5,none,20,same,any,until_broken,999,0,any,any,any,any,any,any,any,any,own,any,none,20,24,close,69416,3030,145,145,48,97,0.3310344827586207,47,97,8352.93928571454,57.60647783251407,-1476.6357142857032,6919.867905366291,6662.863690476196,-3210.9744108983805,45943.999999999956,-21904.564285714332,-2.1138545301372558,-0.014578307104394868,-1.0,1.4086893962445988,1.976794697288807,-1.0,2.0,-1.0,-0.010348844211689908,0.0,-0.12461658635625122,-0.12434438412572092,42268.38214285685,17.0,1.0268182691986305,57.60647783251352,-0.014578307104394894,319817.4571428574,311464.5178571429,4,11,392.5793103448276,499.7291666666667,339.55670103092785,75.0,27.0,0.36,0.08,70.0,21.0,0.3,-0.11591220757338938,145.0,0.3310344827586207,145.0,0.3310344827586207,,,97.0,0.0,47.0,1.0,1.0,1.0,,,,,145.0,0.3310344827586207,,,,,,
H1@D1,wick_touch,any,any,mature,both,market,zone,fixed_rr,2.0,1.5,none,20,same,any,until_broken,999,0,any,any,any,any,any,any,any,any,own,any,none,20,24,close,69416,923,89,89,32,57,0.3595505617977528,32,57,1117.2964285714625,12.55389245585913,-1218.3357142857176,5013.093369374271,5302.9450892857185,-2957.4902882205533,16109.707142857133,-16988.617857142843,7.0,0.07865168539325842,-1.0,1.4477625299776737,2.0,-1.0,2.0,-1.0,0.0543263717389283,0.0,0.5125139659581427,0.5,74697.30714285717,14.0,1.0066278127124866,12.553892455858886,0.0786516853932584,169694.242857143,168576.94642857154,4,8,318.82022471910113,315.8125,320.50877192982455,50.0,20.0,0.4,0.2,39.0,12.0,0.3076923076923077,-0.07692307692307693,89.0,0.3595505617977528,89.0,0.3595505617977528,,,57.0,0.0,32.0,1.0,,,,,,,89.0,0.3595505617977528,,,,,,
H1@D1,wick_touch,any,any,old,both,market,zone,fixed_rr,2.0,1.5,none,20,same,any,until_broken,999,0,any,any,any,any,any,any,any,any,own,any,none,20,24,close,69416,905,85,85,26,59,0.3058823529411765,26,59,-14560.171428571583,-171.2961344537833,-1084.1357142857305,3808.8852030909234,4097.911538461533,-2052.641888619855,13581.735714285696,-9987.032142857128,-7.0,-0.08235294117647059,-1.0,1.3905442982437315,2.0,-1.0,2.0,-1.0,-0.05922352943410937,0.0,-0.5460139625355652,-0.6363636363636364,32224.53571428575,11.0,0.8797731996242709,-171.296134453783,-0.08235294117647052,106545.69999999987,121105.87142857144,3,10,255.1529411764706,407.46153846153845,188.03389830508473,26.0,6.0,0.23076923076923078,-0.3076923076923077,59.0,20.0,0.3389830508474576,0.01694915254237288,85.0,0.3058823529411765,85.0,0.3058823529411765,,,59.0,0.0,26.0,1.0,,,,,,,85.0,0.3058823529411765,,,,,,
H1@H4,wick_touch,any,any,any,long,market,zone,fixed_rr,2.0,1.5,none,20,same,any,until_broken,999,0,any,any,any,any,any,any,any,any,own,any,none,20,24,close,102673,11274,996,996,366,630,0.3674698795180723,366,630,265008.2035714285,266.07249354561094,-563.7000000000171,3925.455155553377,3708.966042154566,-1734.0847108843536,27982.521428571454,-38461.13928571421,101.99999999999997,0.10240963855421685,-1.0,1.4470744067117873,2.0,-1.0,2.000000000000005,-1.0,0.070770126317778,0.0,2.233467513960773,2.1249999999999996,81542.98571428593,48.0,1.242576351395398,266.07249354561077,0.10240963855421692,1357481.5714285711,1092473.3678571428,5,10,152.39357429718876,227.71857923497268,108.63333333333334,996.0,366.0,0.3674698795180723,0.10240963855421684,0.0,0.0,0.0,0.0,996.0,0.3674698795180723,996.0,0.3674698795180723,996.0,0.3674698795180723,630.0,0.0,366.0,1.0,,,,,,,,,,,,,,
H1@H4,wick_touch,any,any,any,short,market,zone,fixed_rr,2.0,1.5,none,20,same,any,until_broken,999,0,any,any,any,any,any,any,any,any,own,any,none,20,24,close,102673,10018,984,984,278,706,0.28252032520325204,277,707,-217073.9750000008,-220.6036331300821,-711.7928571428479,3489.0343644584414,3448.104701952721,-1665.2224959530558,24125.785714285666,-16956.40000000003,-151.0,-0.15345528455284552,-1.0,1.3501170786926362,1.9964028776978417,-1.0,2.0,-1.0,-0.11366072392880285,0.0,-3.5653975937327416,-0.9556962025316456,243051.52500000084,158.0,0.8153578754226658,-220.60363313008247,-0.15345528455284552,958573.1071428565,1175647.0821428574,5,18,145.6229674796748,150.18705035971223,143.82577903682719,0.0,0.0,0.0,0.0,984.0,278.0,0.28252032520325204,-0.15345528455284552,984.0,0.28252032520325204,984.0,0.28252032520325204,984.0,0.28252032520325204,707.0,0.0014144271570014145,277.0,1.0,,,,,,,,,,,,,,
M15@H4,wick_touch,any,any,any,long,market,zone,fixed_rr,2.0,1.5,none,20,same,any,until_broken,999,0,any,any,any,any,any,any,any,any,own,any,none,20,24,close,118270,7352,487,487,188,299,0.3860369609856263,188,299,163517.5392857137,335.76496773247163,-735.5964285713981,3999.9432463312096,3757.246466565345,-1815.5344362159572,27062.957142857158,-35771.27857142859,77.0,0.15811088295687878,-1.0,1.4620194768342294,2.0,-1.0,2.00000000000001,-1.0,0.10814553804662216,0.0,2.3865640057422692,2.566666666666667,68646.83214285731,30.0,1.3012233705867893,335.76496773247163,0.1581108829568788,706362.3357142849,542844.7964285712,6,13,50.97946611909651,68.44414893617021,39.99832775919732,487.0,188.0,0.3860369609856263,0.15811088295687886,0.0,0.0,0.0,0.0,487.0,0.3860369609856263,487.0,0.3860369609856263,487.0,0.3860369609856263,299.0,0.0,188.0,1.0,,,,,,,,,,,,,,
M15@H4,wick_touch,any,any,any,short,market,zone,fixed_rr,2.0,1.5,none,20,same,any,until_broken,999,0,any,any,any,any,any,any,any,any,own,any,none,20,24,close,118270,6881,452,452,136,316,0.3008849557522124,136,316,-45252.49642857172,-100.11614254108788,-969.2410714285757,3930.5536873313868,4123.849212184875,-1918.02528254973,19302.035714285557,-15134.507142857092,-44.0,-0.09734513274336283,-1.0,1.3774529131949969,2.0,-1.0,2.0,-1.0,-0.07067038866509866,0.0,-1.5024730723052575,-0.676923076923077,104399.73928571466,65.0,0.9253377398489274,-100.11614254108758,-0.09734513274336276,560843.4928571429,606095.9892857147,5,12,53.516039823008846,59.40625,50.98101265822785,0.0,0.0,0.0,0.0,452.0,136.0,0.3008849557522124,-0.09734513274336283,452.0,0.3008849557522124,452.0,0.3008849557522124,452.0,0.3008849557522124,316.0,0.0,136.0,1.0,,,,,,,,,,,,,,
M15@H1,wick_touch,any,any,any,long,market,zone,fixed_rr,2.0,1.5,none,20,same,any,until_broken,999,0,any,any,any,any,any,any,any,any,own,any,none,20,24,close,173461,17147,1551,1551,546,1005,0.3520309477756286,540,1010,147489.64285714278,95.09325780602371,-392.08928571426895,2716.255944492042,2271.8475928833077,-1087.501634683725,45086.578571428436,-29551.014285714336,80.45569385025097,0.0518734325275635,-1.0,1.4291965132444753,1.988014091300826,-1.0,2.000000000000027,-1.0,0.03629552132743703,0.0,1.4294169828764478,2.0113923462562733,79281.31785714302,40.000000000000014,1.1349477176483747,95.09325780602342,0.05187343252756338,1240428.785714286,1092939.1428571434,6,15,17.818826563507415,24.68040293040293,14.091044776119404,1551.0,546.0,0.3520309477756286,0.05187343252756348,0.0,0.0,0.0,0.0,1551.0,0.3520309477756286,1551.0,0.3520309477756286,,,1010.0,0.0049504950495049506,540.0,1.0,1.0,1.0,1551.0,0.3520309477756286,,,,,,,,,,
M15@H1,wick_touch,any,any,any,short,market,zone,fixed_rr,2.0,1.5,none,20,same,any,until_broken,999,0,any,any,any,any,any,any,any,any,own,any,none,20,24,close,173461,16367,1400,1400,412,988,0.29428571428571426,408,992,-124792.7392857135,-89.13767091836678,-495.3482142857183,2380.413010656653,2332.7790915395276,-1099.0867661943312,24816.2928571428,-21621.392857142928,-168.0,-0.12,-1.0,1.364263593914754,1.9902912621359223,-1.0,2.0,-1.0,-0.08795954134908784,0.0,-3.291144676260625,-0.9081081081081082,178859.41785714318,185.0,0.8850787358581915,-89.13767091836701,-0.1200000000000001,961104.9857142854,1085897.7249999992,7,15,18.711785714285714,24.171723300970875,16.43496963562753,0.0,0.0,0.0,0.0,1400.0,412.0,0.29428571428571426,-0.12,1400.0,0.29428571428571426,1400.0,0.29428571428571426,,,992.0,0.004032258064516129,408.0,1.0,,,1400.0,0.29428571428571426,,,,,,,,,,
M5@H1,wick_touch,any,any,any,long,market,zone,fixed_rr,2.0,1.5,none,20,same,any,until_broken,999,0,any,any,any,any,any,any,any,any,own,any,none,20,24,close,156071,10284,694,694,256,438,0.3688760806916426,256,438,106160.00714285734,152.9683100041172,-618.9357142856807,4015.8469033772835,3315.0657645089295,-1695.1982387475537,46917.23571428574,-28820.932142857146,74.0,0.10662824207492795,-1.0,1.448544828901362,2.0,-1.0,2.0000000000000075,-1.0,0.07361059177975136,0.0,1.9391885777774807,2.642857142857143,100695.50357142859,28.0,1.1429770512920714,152.96831000411726,0.10662824207492794,848656.835714286,742496.8285714285,8,16,15.37536023054755,22.4970703125,11.212899543378995,694.0,256.0,0.3688760806916426,0.10662824207492795,0.0,0.0,0.0,0.0,694.0,0.3688760806916426,694.0,0.3688760806916426,,,438.0,0.0,256.0,1.0,,,694.0,0.3688760806916426,,,,,,,,,,
M5@H1,wick_touch,any,any,any,short,market,zone,fixed_rr,2.0,1.5,none,20,same,any,until_broken,999,0,any,any,any,any,any,any,any,any,own,any,none,20,24,close,156071,10085,704,704,211,493,0.2997159090909091,211,493,-54617.05000000147,-77.58103693182028,-722.0857142857085,3152.759715613177,3278.0631347325584,-1513.7695160822946,24470.621428571576,-15879.192857142789,-71.0,-0.10085227272727272,-1.0,1.3753776094123313,2.0,-1.0,2.0,-1.0,-0.0733269700168848,0.0,-1.945584372477178,-0.7802197802197802,110626.61785714503,91.0,0.9268150863781363,-77.58103693181988,-0.1008522727272726,691671.3214285698,746288.3714285712,4,13,13.15814393939394,15.582938388625593,12.120351588911426,0.0,0.0,0.0,0.0,704.0,211.0,0.2997159090909091,-0.10085227272727272,704.0,0.2997159090909091,704.0,0.2997159090909091,,,493.0,0.0,211.0,1.0,,,704.0,0.2997159090909091,,,,,,,,,,
M5@M15,wick_touch,any,any,any,long,market,zone,fixed_rr,2.0,1.5,none,20,same,any,until_broken,999,0,any,any,any,any,any,any,any,any,own,any,none,20,24,close,222820,23873,2179,2179,775,1404,0.35566773749426345,769,1410,93031.02857143008,42.69436832098673,-321.02500000000873,2092.590057979126,1798.5168479262675,-926.5096357346348,24079.828571428516,-19541.857142857134,140.0,0.06424965580541533,-1.0,1.433721686159558,1.992258064516129,-1.0,2.0000000000000653,-1.0,0.04481319939961139,0.0,2.0918693958503987,2.08955223880597,117697.28928571394,67.0,1.0715172447277121,42.69436832098677,0.0642496558054153,1393850.5571428572,1300819.5285714273,6,17,5.491662842282393,8.268494623655913,3.9588675213675213,2179.0,775.0,0.35566773749426345,0.06424965580541533,0.0,0.0,0.0,0.0,2179.0,0.35566773749426345,2179.0,0.35566773749426345,,,1410.0,0.00425531914893617,769.0,1.0,,,,,2179.0,0.35566773749426345,,,,,,,,
M5@M15,wick_touch,any,any,any,short,market,zone,fixed_rr,2.0,1.5,none,20,same,any,until_broken,999,0,any,any,any,any,any,any,any,any,own,any,none,20,24,close,222820,22793,2188,2188,697,1491,0.31855575868372943,690,1498,21333.164285712555,9.750075084877768,-372.56964285716094,1908.9680344026451,1824.061626357858,-838.3888593465555,25346.33571428567,-9793.671428571452,-104.0,-0.04753199268738574,-1.0,1.3945246435974517,1.9899569583931134,-1.0,2.0,-1.0,-0.03408472765656373,0.0,-1.5943493427776736,-0.6753246753246753,112082.72857142834,154.0,1.0170660154985416,9.750075084877835,-0.04753199268738573,1271370.953571427,1250037.7892857143,5,15,4.818860450944546,5.3113342898134865,4.588642968924659,0.0,0.0,0.0,0.0,2188.0,697.0,0.31855575868372943,-0.04753199268738574,2188.0,0.31855575868372943,2188.0,0.31855575868372943,,,1498.0,0.004672897196261682,690.0,1.0,,,,,2188.0,0.31855575868372943,,,,,,,,
H1@D1,wick_touch,any,any,any,long,market,zone,fixed_rr,2.0,1.5,none,20,same,any,until_broken,999,0,any,any,any,any,any,any,any,any,own,any,none,20,24,close,69416,3821,177,177,73,104,0.4124293785310734,72,104,133769.4214285713,755.759443099273,-1273.9892857142877,7896.802141501317,6707.521722113508,-3421.9198489011033,31565.828571428618,-61723.23571428578,40.13899217254526,0.2267739670765269,-1.0,1.47501317469965,1.9745067420896614,-1.0,2.0000000000000027,-1.0,0.15374368918616865,0.0,2.045426749538947,4.013899217254526,89799.2250000002,10.0,1.3758838586550306,755.7594430992731,0.22677396707652697,489649.0857142861,355879.66428571474,5,10,373.135593220339,490.63013698630135,290.66346153846155,177.0,73.0,0.4124293785310734,0.2267739670765269,0.0,0.0,0.0,0.0,177.0,0.4124293785310734,177.0,0.4124293785310734,,,104.0,0.0,72.0,1.0,1.0,1.0,,,,,177.0,0.4124293785310734,,,,,,
H1@D1,wick_touch,any,any,any,short,market,zone,fixed_rr,2.0,1.5,none,20,same,any,until_broken,999,0,any,any,any,any,any,any,any,any,own,any,none,20,24,close,69416,3762,193,193,57,136,0.29533678756476683,56,136,-109223.8750000001,-565.9268134715031,-1732.357142857154,6347.472410195086,6306.519047619046,-3446.2901523109244,45943.999999999956,-25528.785714285732,-23.113854530137257,-0.1197609043012293,-1.0,1.3655301124039663,1.9804586924537322,-1.0,2.0,-1.0,-0.08770286587850822,0.0,-1.2184071519314037,-0.6603958437182074,193444.31071428553,35.0,0.7669619525788786,-565.9268134715032,-0.11976090430122943,359471.58571428567,468695.4607142857,3,15,353.83937823834196,508.6842105263158,288.94117647058823,0.0,0.0,0.0,0.0,193.0,57.0,0.29533678756476683,-0.1197609043012293,193.0,0.29533678756476683,193.0,0.29533678756476683,,,136.0,0.0,56.0,1.0,1.0,1.0,,,,,193.0,0.29533678756476683,,,,,,
H1@H4,wick_touch,with_daily,any,any,both,market,zone,fixed_rr,1.5,1.5,none,20,same,any,until_broken,999,0,any,any,any,any,any,any,any,any,own,any,none,20,24,close,102673,5332,927,927,343,584,0.37001078748651567,340,586,-29246.346428572124,-31.54945677300121,-529.6785714285761,2957.378580502978,2501.057153269468,-1519.0221746575335,31862.474999999904,-15794.303571428554,-71.68836085083383,-0.07733372260068368,-1.0,1.2054381775700336,1.4936199392103973,-1.0,1.5000000000002616,-1.0,-0.06415403464039593,0.0,-1.9532770230856449,-0.7586069931305109,122958.4321428582,94.50000000000072,0.9670318438016299,-31.549456773000884,-0.0773337226006835,857862.6035714275,887108.9499999996,5,15,100.08845738942826,108.95918367346938,94.87842465753425,519.0,213.0,0.41040462427745666,0.022758456934810534,408.0,130.0,0.31862745098039214,-0.2046568627450992,927.0,0.37001078748651567,927.0,0.37001078748651567,927.0,0.37001078748651567,586.0,0.0034129692832764505,340.0,1.0,1.0,1.0,,,,,,,,,,,,
H1@H4,wick_touch,with_daily,any,any,both,market,zone,fixed_rr,3.0,1.5,none,20,same,any,until_broken,999,0,any,any,any,any,any,any,any,any,own,any,none,20,24,close,102673,5332,568,568,148,420,0.2605633802816901,146,421,18704.217857143274,32.929961016097316,-765.8696428571488,4287.084316695123,4961.760738416988,-1703.8961224489785,28432.392857142804,-15794.303571428554,19.31163914916704,0.03399936469923774,-1.0,1.7489934295901228,2.9683218861430207,-1.0,3.000000000000013,-1.0,0.019439389607773142,0.0,0.46329412386447283,0.6897013981845371,87357.05714285745,28.0,1.0261364830015633,32.92996101609697,0.0339993646992377,734340.5892857142,715636.371428571,4,18,228.3538732394366,363.56756756756755,180.70714285714286,330.0,101.0,0.30606060606060603,0.210035270148991,238.0,47.0,0.19747899159663865,-0.21008403361344538,568.0,0.2605633802816901,568.0,0.2605633802816901,568.0,0.2605633802816901,421.0,0.0023752969121140144,146.0,1.0,1.0,1.0,,,,,,,,,,,,
H1@H4,wick_touch,with_daily,any,any,both,market,zone,fixed_rr,4.0,1.5,none,20,same,any,until_broken,999,0,any,any,any,any,any,any,any,any,own,any,none,20,24,close,102673,5332,483,483,96,387,0.19875776397515527,95,387,-1564.45357142793,-3.2390343093745964,-873.6642857142897,5121.547195265486,6915.08660714286,-1719.4128368401614,37909.85714285707,-15794.303571428554,-6.6883608508329475,-0.013847537993442958,-1.0,1.9890804093217311,3.96157957447049,-1.0,4.000000000000022,-1.0,-0.0069617788846278545,0.0,-0.1530008314035302,-0.17149643207263982,97880.90357142864,38.99999999999997,0.9976488975760623,-3.2390343093748015,-0.013847537993443182,663848.3142857145,665412.7678571425,4,19,279.4927536231884,505.84375,223.343669250646,288.0,70.0,0.24305555555555555,0.20247096926794114,195.0,26.0,0.13333333333333333,-0.3333333333333333,483.0,0.19875776397515527,483.0,0.19875776397515527,483.0,0.19875776397515527,387.0,0.0,95.0,1.0,1.0,1.0,,,,,,,,,,,,
H1@H4,wick_touch,with_daily,any,any,both,market,zone,fixed_rr,5.0,1.5,none,20,same,any,until_broken,999,0,any,any,any,any,any,any,any,any,own,any,none,20,24,close,102673,5332,426,426,71,355,0.16666666666666666,70,355,-12570.65714285705,-29.50858484238744,-905.5624999999736,5266.722441761682,8420.22635814889,-1719.4555734406429,45096.55357142878,-15794.303571428554,-4.688360850832949,-0.011005541903363733,-1.0,2.2255444917420792,4.933966748579818,-1.0,5.000000000000022,-1.0,-0.004945100825528307,0.0,-0.10206573100897753,-0.0884596386949613,106621.31785714312,53.0,0.9794060966983819,-29.508584842387563,-0.01100554190336367,597836.0714285711,610406.7285714282,3,21,330.9201877934272,695.8450704225352,257.9352112676056,259.0,55.0,0.21235521235521235,0.25602949478442877,167.0,16.0,0.09580838323353294,-0.4251497005988024,426.0,0.16666666666666666,426.0,0.16666666666666666,426.0,0.16666666666666666,355.0,0.0,70.0,1.0,1.0,1.0,,,,,,,,,,,,
M15@H4,wick_touch,with_daily,any,any,both,market,zone,fixed_rr,1.5,1.5,none,20,same,any,until_broken,999,0,any,any,any,any,any,any,any,any,own,any,none,20,24,close,118270,4170,434,434,170,264,0.391705069124424,169,264,-2263.223214285932,-5.214800032916894,-702.835714285709,3735.292012004929,3010.374401260501,-1947.0714826839817,36550.757142857125,-18690.403571428487,-10.17672837889132,-0.023448682900671255,-1.0,1.2196579553682472,1.4930780683594627,-1.0,1.5000000000000562,-1.0,-0.019225622066796157,0.0,-0.4005209757717956,-0.35092166823763304,54505.36071428597,28.999999999999893,0.9955970721764096,-5.214800032916855,-0.02344868290067126,511763.6482142852,514026.8714285712,6,10,39.39055299539171,38.641176470588235,39.87310606060606,249.0,112.0,0.4497991967871486,0.11977217518517508,185.0,58.0,0.31351351351351353,-0.21621621621621578,434.0,0.391705069124424,434.0,0.391705069124424,434.0,0.391705069124424,264.0,0.0,169.0,1.0,1.0,1.0,,,,,,,,,,,,
M15@H4,wick_touch,with_daily,any,any,both,market,zone,fixed_rr,3.0,1.5,none,20,same,any,until_broken,999,0,any,any,any,any,any,any,any,any,own,any,none,20,24,close,118270,4170,315,315,86,229,0.273015873015873,85,229,96143.56071428477,305.2176530612215,-969.5892857143008,4920.76513973428,6158.259426910289,-1892.867903930131,28279.38214285714,-15134.507142857092,26.323271621108454,0.08356594165431255,-1.0,1.7773385738918366,2.968875251408238,-1.0,3.0000000000000386,-1.0,0.047017457946309175,0.0,0.8344770972266884,1.0968029842128522,74739.58928571417,24.0,1.22180146623538,305.2176530612214,0.08356594165431241,529610.3107142849,433466.75,4,16,70.4563492063492,104.28488372093024,57.75218340611354,183.0,60.0,0.32786885245901637,0.29684847880387133,132.0,26.0,0.19696969696969696,-0.21212121212121213,315.0,0.273015873015873,315.0,0.273015873015873,315.0,0.273015873015873,229.0,0.0,85.0,1.0,1.0,1.0,,,,,,,,,,,,
M15@H4,wick_touch,with_daily,any,any,both,market,zone,fixed_rr,4.0,1.5,none,20,same,any,until_broken,999,0,any,any,any,any,any,any,any,any,own,any,none,20,24,close,118270,4170,263,263,58,205,0.22053231939163498,57,205,40016.68571428489,152.1546985334026,-1101.8428571428558,5369.775157826596,7733.2485221674715,-1992.7401393728217,31338.228571428408,-15134.507142857092,23.32327162110846,0.08868164114489908,-1.0,2.0629743576986326,3.9366081313984216,-1.0,4.000000000000023,-1.0,0.0429872726308768,0.0,0.6971364105879636,0.9718029842128525,74739.58928571419,24.0,1.0979572504667707,152.15469853340278,0.08868164114489907,448528.41428571334,408511.72857142845,3,20,90.57604562737643,154.56034482758622,72.47317073170731,153.0,42.0,0.27450980392156865,0.34851811517064346,110.0,16.0,0.14545454545454545,-0.2727272727272727,263.0,0.22053231939163498,263.0,0.22053231939163498,263.0,0.22053231939163498,205.0,0.0,57.0,1.0,1.0,1.0,,,,,,,,,,,,
M15@H4,wick_touch,with_daily,any,any,both,market,zone,fixed_rr,5.0,1.5,none,20,same,any,until_broken,999,0,any,any,any,any,any,any,any,any,own,any,none,20,24,close,118270,4170,240,240,45,195,0.1875,44,195,75841.61428571353,316.00672619047305,-1169.58392857141,6311.984872537335,10299.83253968252,-1987.9530769230769,39172.78571428551,-15134.507142857092,25.32327162110842,0.1055136317546184,-1.0,2.3254392253356246,4.896072702691298,-1.0,5.000000000000007,-1.0,0.045373635485739215,0.0,0.7029253383726155,0.7913522381596382,74739.58928571417,32.0,1.1956441325633969,316.0067261904726,0.10551363175461836,463492.46428571345,387650.85,3,23,105.14166666666667,219.05,78.85512820512821,139.0,35.0,0.2517985611510791,0.47714583900078,101.0,10.0,0.09900990099009901,-0.40594059405940597,240.0,0.1875,240.0,0.1875,240.0,0.1875,195.0,0.0,44.0,1.0,1.0,1.0,,,,,,,,,,,,
M15@H1,wick_touch,with_daily,any,any,both,market,zone,fixed_rr,1.5,1.5,none,20,same,any,until_broken,999,0,any,any,any,any,any,any,any,any,own,any,none,20,24,close,173461,11645,1631,1631,641,990,0.3930104230533415,636,994,-50306.25535714404,-30.84381076464993,-367.30357142857883,2225.8252742457616,1650.0004318029858,-1119.1480122655132,23101.708928571497,-29551.014285714336,-31.20424070861467,-0.019131968552185567,-1.0,1.2197345165978957,1.495781215743191,-1.0,1.5000000000001297,-1.0,-0.015685354715999,0.0,-0.6334631047159002,-0.5334058240788746,103794.36428571556,58.500000000000945,0.9545954611957126,-30.843810764650016,-0.019131968552185574,1057650.2767857139,1107956.532142858,8,16,12.106069895769467,14.241029641185648,10.723737373737373,917.0,384.0,0.4187568157033806,0.044488287122557486,714.0,257.0,0.3599439775910364,-0.1008403361344536,1631.0,0.3930104230533415,1631.0,0.3930104230533415,,,994.0,0.004024144869215292,636.0,1.0,1.0,1.0,1631.0,0.3930104230533415,,,,,,,,,,
M15@H1,wick_touch,with_daily,any,any,both,market,zone,fixed_rr,3.0,1.5,none,20,same,any,until_broken,999,0,any,any,any,any,any,any,any,any,own,any,none,20,24,close,173461,11645,1109,1109,266,843,0.23985572587917042,263,845,-121686.85714285859,-109.72665206750098,-517.746428571445,2829.5142781377913,3177.39719387755,-1146.944852567363,23457.11785714284,-29551.014285714336,-51.204240708613476,-0.04617154256863253,-1.0,1.702161784890221,2.976675786809724,-1.0,3.0,-1.0,-0.027125237435412352,0.0,-0.9033152069314414,-0.8127657255335472,137477.87142857292,63.0,0.8741441047474078,-109.72665206750094,-0.04617154256863243,845187.6535714283,966874.5107142869,4,26,22.560865644724977,35.244360902255636,18.558718861209965,607.0,160.0,0.26359143327841844,0.04743947164973068,502.0,106.0,0.21115537848605578,-0.1593625498007968,1109.0,0.23985572587917042,1109.0,0.23985572587917042,,,845.0,0.002366863905325444,263.0,1.0,1.0,1.0,1109.0,0.23985572587917042,,,,,,,,,,
M15@H1,wick_touch,with_daily,any,any,both,market,zone,fixed_rr,4.0,1.5,none,20,same,any,until_broken,999,0,any,any,any,any,any,any,any,any,own,any,none,20,24,close,173461,11645,977,977,195,782,0.19959058341862845,193,783,-65359.87857142868,-66.89854510893416,-543.1250000000091,3146.8664286156495,4193.687710622714,-1129.3209490317877,28441.77142857152,-29551.014285714336,-8.204240708613474,-0.008397380459174488,-1.0,1.991674356035897,3.9681833809814693,-1.0,4.0,-1.0,-0.004216241693189294,0.0,-0.13178706329922452,-0.1172034386944782,137150.45,70.0,0.9259905632211989,-66.89854510893429,-0.008397380459174486,817769.1035714292,883128.982142858,4,37,27.175025588536336,53.825641025641026,20.529411764705884,550.0,124.0,0.22545454545454546,0.11599228962070277,427.0,71.0,0.16627634660421545,-0.1686182669789227,977.0,0.19959058341862845,977.0,0.19959058341862845,,,783.0,0.001277139208173691,193.0,1.0,1.0,1.0,977.0,0.19959058341862845,,,,,,,,,,
M15@H1,wick_touch,with_daily,any,any,both,market,zone,fixed_rr,5.0,1.5,none,20,same,any,until_broken,999,0,any,any,any,any,any,any,any,any,own,any,none,20,24,close,173461,11645,824,824,137,687,0.1662621359223301,135,688,-85192.34285714406,-103.38876560333017,-574.6214285714245,3602.692412564239,5254.020594369131,-1171.751330838013,35552.2142857144,-29551.014285714336,-10.204240708613531,-0.012383787267734874,-1.0,2.22203339322612,4.940115031323988,-1.0,5.000000000000016,-1.0,-0.005573177840390209,0.0,-0.1599803002318347,-0.17295323234938187,133112.83571428593,59.0,0.8941701039999057,-103.38876560333006,-0.012383787267734925,719800.8214285709,804993.164285715,4,40,34.93082524271845,67.5419708029197,28.42758369723435,464.0,93.0,0.20043103448275862,0.18490465364522948,360.0,44.0,0.12222222222222222,-0.26666666666666666,824.0,0.1662621359223301,824.0,0.1662621359223301,,,688.0,0.0014534883720930232,135.0,1.0,1.0,1.0,824.0,0.1662621359223301,,,,,,,,,,
M5@H1,wick_touch,with_daily,any,any,both,market,zone,fixed_rr,1.5,1.5,none,20,same,any,until_broken,999,0,any,any,any,any,any,any,any,any,own,any,none,20,24,close,156071,7588,727,727,296,431,0.40715268225584594,296,431,-859.2071428572526,-1.1818530163098386,-494.3750000000364,3014.4105341468644,2455.632951254827,-1688.4606977129602,20143.033928571458,-28820.932142857146,13.000000000000059,0.017881705639614942,-1.0,1.2291049946670725,1.5000000000000004,-1.0,1.5000000000002383,-1.0,0.014548558273867042,0.0,0.3922718678232897,0.5652173913043412,86495.32678571492,23.000000000000373,0.9988193269433319,-1.1818530163095602,0.01788170563961511,726867.3535714287,727726.5607142858,8,11,10.212746446584136,12.936655405405405,8.342034029389017,472.0,202.0,0.4279661016949153,0.06991525423728878,255.0,94.0,0.3686274509803922,-0.07843137254902052,727.0,0.40715268225584594,727.0,0.40715268225584594,,,431.0,0.0,296.0,1.0,,,727.0,0.40715268225584594,,,,,,,,,,
M5@H1,wick_touch,with_daily,any,any,both,market,zone,fixed_rr,3.0,1.5,none,20,same,any,until_broken,999,0,any,any,any,any,any,any,any,any,own,any,none,20,24,close,156071,7588,501,501,135,366,0.2694610778443114,134,366,6327.782142856129,12.630303678355547,-806.3714285714013,4469.746002813825,4924.197857142852,-1799.0134660421554,40286.067857143,-28820.932142857146,37.3657367790519,0.07458230894022336,-1.0,1.7726129944381095,2.9878943465114953,-1.0,3.0000000000000213,-1.0,0.04207478404718836,0.0,0.9417611235134872,1.3344905992518536,90529.50357142898,28.0,1.0096102795085113,12.63030367835563,0.07458230894022333,664766.710714285,658438.9285714289,5,17,20.048735861610112,31.32962962962963,15.887750455373407,328.0,98.0,0.29878048780487804,0.19013944139954847,173.0,37.0,0.2138728323699422,-0.14450867052023122,501.0,0.2694610778443114,501.0,0.2694610778443114,,,366.0,0.0,134.0,1.0,1.0,1.0,501.0,0.2694610778443114,,,,,,,,,,
M5@H1,wick_touch,with_daily,any,any,both,market,zone,fixed_rr,4.0,1.5,none,20,same,any,until_broken,999,0,any,any,any,any,any,any,any,any,own,any,none,20,24,close,156071,7588,413,413,94,319,0.22760290556900725,93,319,17352.989285712472,42.01692320995756,-858.9857142856999,4724.85514539933,6213.836170212747,-1776.6382781012096,26772.44285714296,-28820.932142857146,54.36573677905186,0.13163616653523452,-1.0,2.09119092037509,3.971975923181403,-1.0,4.000000000000007,-1.0,0.06294794284570793,0.0,1.2792533638858212,2.01354580663155,114355.51071428589,27.0,1.0306185486407997,42.016923209956985,0.13163616653523447,584100.5999999982,566747.6107142859,5,17,26.466908797417272,49.05141843971631,19.811912225705328,275.0,71.0,0.2581818181818182,0.28132995192382493,138.0,23.0,0.16666666666666666,-0.16666666666666666,413.0,0.22760290556900725,413.0,0.22760290556900725,,,319.0,0.0,93.0,1.0,1.0,1.0,413.0,0.22760290556900725,,,,,,,,,,
M5@H1,wick_touch,with_daily,any,any,both,market,zone,fixed_rr,5.0,1.5,none,20,same,any,until_broken,999,0,any,any,any,any,any,any,any,any,own,any,none,20,24,close,156071,7588,369,369,67,302,0.18157181571815717,66,302,4039.889285712392,10.948209446375046,-927.6785714286234,5194.434704230122,8160.815565031963,-1797.1349456007588,33465.553571428696,-28820.932142857146,29.36573677905187,0.07958194249065548,-1.0,2.3028386632955367,4.945757265358983,-1.0,5.000000000000019,-1.0,0.03455819279009659,0.0,0.6638412055684337,0.9472818315823184,128106.86071428581,31.0,1.0074435795001668,10.948209446374904,0.07958194249065542,546774.6428571416,542734.7535714292,3,25,30.836720867208673,75.72636815920399,20.877759381898453,241.0,52.0,0.2157676348547718,0.2795258787512526,128.0,15.0,0.1171875,-0.296875,369.0,0.18157181571815717,369.0,0.18157181571815717,,,302.0,0.0,66.0,1.0,1.0,1.0,369.0,0.18157181571815717,,,,,,,,,,
M5@M15,wick_touch,with_daily,any,any,both,market,zone,fixed_rr,1.5,1.5,none,20,same,any,until_broken,999,0,any,any,any,any,any,any,any,any,own,any,none,20,24,close,222820,18219,2225,2225,897,1328,0.40314606741573034,894,1331,16718.689285714743,7.514017656501008,-265.05357142859793,1690.5365800646452,1355.096392737698,-902.7129329819278,14690.507142857223,-19541.857142857134,16.000000000001947,0.007191011235955934,-1.0,1.2259163625536296,1.4983277591973267,-1.0,1.5000000000006355,-1.0,0.005865825316970882,0.0,0.27669042682121625,0.3516483516484062,118063.88214285625,45.49999999999848,1.0139461549759217,7.514017656501096,0.007191011235956002,1215521.464285715,1198802.7750000001,8,13,3.8585018726591755,4.5517465626161275,3.3902484939759034,1411.0,584.0,0.4138908575478384,0.03401842664776824,814.0,313.0,0.3845208845208845,-0.0393120393120381,2225.0,0.40314606741573034,2225.0,0.40314606741573034,,,1331.0,0.002253944402704733,894.0,1.0,,,,,2225.0,0.40314606741573034,,,,,,,,
M5@M15,wick_touch,with_daily,any,any,both,market,zone,fixed_rr,3.0,1.5,none,20,same,any,until_broken,999,0,any,any,any,any,any,any,any,any,own,any,none,20,24,close,222820,18219,1480,1480,403,1077,0.2722972972972973,399,1080,101316.13571428505,68.456848455598,-430.66607142857265,2437.784090013998,2734.7190180786924,-929.2252818676212,18606.43928571435,-19541.857142857134,124.30915140126193,0.08399266986571753,-1.0,1.7754757897069047,2.980916008439856,-1.0,3.0,-1.0,0.047307133306268866,0.0,1.8199417560055313,2.8252079863923165,93530.26071428496,44.0,1.1012376129291939,68.45684845559788,0.08399266986571752,1102091.764285713,1000775.628571428,5,20,6.767173423423423,11.269023986765923,5.08263695450325,942.0,273.0,0.2898089171974522,0.15319442823913157,538.0,130.0,0.241635687732342,-0.03717472118959108,1480.0,0.2722972972972973,1480.0,0.2722972972972973,,,1080.0,0.002777777777777778,399.0,1.0,1.0,1.0,,,1480.0,0.2722972972972973,,,,,,,,
M5@M15,wick_touch,with_daily,any,any,both,market,zone,fixed_rr,4.0,1.5,none,20,same,any,until_broken,999,0,any,any,any,any,any,any,any,any,own,any,none,20,24,close,222820,18219,1171,1171,255,916,0.21776259607173357,251,919,84471.18214285685,72.13593692814419,-473.66428571426695,2860.258945397674,3709.353207282911,-940.4081721771673,24808.5857142858,-19541.857142857134,92.30915140126197,0.07882933509928436,-1.0,2.0526066830208736,3.9541535349069097,-1.0,4.000000000000046,-1.0,0.0384045008482917,0.0,1.3141973054343623,1.7094287296529995,95996.00357142853,54.0,1.0980610871774066,72.13593692814436,0.07882933509928436,945885.0678571423,861413.8857142853,4,24,9.275049814972958,16.333986928104576,7.30995269286754,751.0,173.0,0.2303595206391478,0.13623056112018905,420.0,82.0,0.19523809523809524,-0.023809523809523808,1171.0,0.21776259607173357,1171.0,0.21776259607173357,,,919.0,0.003264417845484222,251.0,1.0,1.0,1.0,,,1171.0,0.21776259607173357,,,,,,,,
M5@M15,wick_touch,with_daily,any,any,both,market,zone,fixed_rr,5.0,1.5,none,20,same,any,until_broken,999,0,any,any,any,any,any,any,any,any,own,any,none,20,24,close,222820,18219,1012,1012,191,821,0.18873517786561264,189,822,87825.30357142737,86.78389680971084,-495.7875000000058,3357.2996737518442,4616.259330590866,-966.9673916826163,34460.392857142775,-19541.857142857134,126.30915140126193,0.12481141442812443,-1.0,2.339390693442969,4.959733776969958,-1.0,5.0,-1.0,0.05335210351052341,0.0,1.6972343127528313,2.7458511174187374,107590.18571428557,46.0,1.1106279013012672,86.78389680971088,0.12481141442812438,881705.5321428553,793880.228571428,3,29,11.575016469038207,24.82591623036649,8.492285830288267,648.0,130.0,0.2006172839506173,0.19183511018713262,364.0,61.0,0.16758241758241757,0.005494505494505492,1012.0,0.18873517786561264,1012.0,0.18873517786561264,,,822.0,0.0012165450121654502,189.0,1.0,1.0,1.0,,,1012.0,0.18873517786561264,,,,,,,,
H1@D1,wick_touch,with_daily,any,any,both,market,zone,fixed_rr,1.5,1.5,none,20,same,any,until_broken,999,0,any,any,any,any,any,any,any,any,own,any,none,20,24,close,69416,2438,173,173,69,104,0.3988439306358382,68,104,-67219.9071428568,-388.5543765483052,-1231.0642857142966,7148.292161619765,4818.9878881987615,-3843.5583791208796,24030.75535714297,-61723.23571428578,-1.9258059767407696,-0.011131826455148942,-1.0,1.2223311387995006,1.4793361452646265,-1.0,1.5000000000000255,-1.0,-0.009107046447398816,0.0,-0.11978449413070431,-0.15406447813926147,125662.3571428569,12.500000000000007,0.8318367519795954,-388.5543765483055,-0.011131826455148874,332510.16428571456,399730.0714285715,7,11,364.29479768786126,442.3188405797101,312.52884615384613,78.0,40.0,0.5128205128205128,0.26377171824691364,95.0,29.0,0.30526315789473685,-0.2368421052631582,173.0,0.3988439306358382,173.0,0.3988439306358382,,,104.0,0.0,68.0,1.0,1.0,1.0,,,,,173.0,0.3988439306358382,,,,,,
H1@D1,wick_touch,with_daily,any,any,both,market,zone,fixed_rr,3.0,1.5,none,20,same,any,until_broken,999,0,any,any,any,any,any,any,any,any,own,any,none,20,24,close,69416,2438,105,105,33,72,0.3142857142857143,32,72,91483.8285714289,871.2745578231323,-1728.128571428556,11824.455069725267,12375.160389610393,-4401.33978174603,48061.51071428585,-61723.23571428578,24.07419402325924,0.22927803831675464,-1.0,1.846217080257986,2.9113392128260376,-1.0,3.0000000000000013,-1.0,0.12418801709098903,0.0,1.2725484968535137,1.8518610787122491,77076.43928571432,13.0,1.288686807464494,871.2745578231315,0.22927803831675464,408380.292857143,316896.46428571414,6,14,730.1047619047619,1125.939393939394,548.6805555555555,43.0,20.0,0.46511627906976744,0.7924231168199823,62.0,13.0,0.20967741935483872,-0.16129032258064516,105.0,0.3142857142857143,105.0,0.3142857142857143,,,72.0,0.0,32.0,1.0,1.0,1.0,,,,,105.0,0.3142857142857143,,,,,,
H1@D1,wick_touch,with_daily,any,any,both,market,zone,fixed_rr,4.0,1.5,none,20,same,any,until_broken,999,0,any,any,any,any,any,any,any,any,own,any,none,20,24,close,69416,2438,72,72,13,59,0.18055555555555555,12,59,-83504.54285714243,-1159.7853174603115,-2168.2428571428545,12749.180082308416,15420.138461538494,-4812.988861985471,64082.01428571447,-61723.23571428578,-10.925805976740762,-0.15174730523251057,-1.0,1.8740163359225446,3.6980149248660954,-1.0,4.0,-1.0,-0.08097437696977604,0.0,-0.6870903726922132,-0.6069892209300423,79761.446428571,18.0,0.7059350695686085,-1159.7853174603106,-0.15174730523251057,200461.80000000042,283966.3428571428,3,16,1179.763888888889,1614.6153846153845,1083.949152542373,24.0,10.0,0.4166666666666667,0.9197580843024683,48.0,3.0,0.0625,-0.6875,72.0,0.18055555555555555,72.0,0.18055555555555555,,,59.0,0.0,12.0,1.0,1.0,1.0,,,,,72.0,0.18055555555555555,,,,,,
H1@D1,wick_touch,with_daily,any,any,both,market,zone,fixed_rr,5.0,1.5,none,20,same,any,until_broken,999,0,any,any,any,any,any,any,any,any,own,any,none,20,24,close,69416,2438,66,66,11,55,0.16666666666666666,10,55,-38393.32142857121,-581.716991341988,-2192.223214285707,15174.51018941531,21209.186688311715,-4939.897727272727,80102.51785714309,-61723.23571428578,-4.925805976740762,-0.07463342389001154,-1.0,2.1648871883475036,4.552199456659931,-1.0,5.0,-1.0,-0.03447450947639472,0.0,-0.2800722389672171,-0.28975329274945655,77076.43928571432,17.0,0.8586893032711069,-581.7169913419866,-0.0746334238900116,233301.05357142884,271694.375,2,16,1304.5454545454545,2064.818181818182,1152.490909090909,22.0,9.0,0.4090909090909091,1.23064518287542,44.0,2.0,0.045454545454545456,-0.7272727272727273,66.0,0.16666666666666666,66.0,0.16666666666666666,,,55.0,0.0,10.0,1.0,1.0,1.0,,,,,66.0,0.16666666666666666,,,,,,
H1@H4,wick_touch,with_daily,any,any,both,market,atr,fixed_rr,2.0,1.5,none,20,same,any,until_broken,999,0,any,any,any,any,any,any,any,any,own,any,none,20,24,close,102673,5332,1541,1541,469,1072,0.30434782608695654,469,1072,-60240.96428571342,-39.092124779827,-424.2857142857247,1839.345871873516,1848.3084069448696,-864.8298574093818,16181.785714285706,-11213.035714285706,-134.00000000000003,-0.08695652173913046,-1.0,1.3808400948657786,2.0,-1.0,2.0,-1.0,-0.06297363616717899,0.0,-2.472066162365222,-0.7657142857142859,172216.1785714277,175.0,0.9350219827755085,-39.09212477982703,-0.08695652173913038,866856.6428571439,927097.6071428573,6,17,45.93380921479559,68.01492537313433,36.27332089552239,803.0,277.0,0.3449564134495641,0.03486924034869237,738.0,192.0,0.2601626016260163,-0.21951219512195122,1541.0,0.30434782608695654,1541.0,0.30434782608695654,1541.0,0.30434782608695654,1072.0,0.0,469.0,1.0,,,,,,,,,,,,,,
H1@H4,wick_touch,with_daily,any,any,both,market,period,fixed_rr,2.0,1.5,none,20,same,any,until_broken,999,0,any,any,any,any,any,any,any,any,own,any,none,20,24,close,102673,5332,1739,1739,557,1182,0.320299022426682,557,1182,-12047.832142856174,-6.92802308387359,-274.86785714281723,1571.2114482053605,1434.9109771736353,-686.373304931109,21394.685714285697,-15939.542857142897,-68.00000000000001,-0.039102932719954,-1.0,1.4001769164426756,2.0,-1.0,2.000000000000025,-1.0,-0.02792713710728776,0.0,-1.164598451144893,-0.6238532110091745,63512.40357142794,109.0,0.98514984292561,-6.928023083873541,-0.03910293271995402,799245.4142857149,811293.246428571,5,16,30.933294997124783,45.473967684021545,24.081218274111674,907.0,320.0,0.3528114663726571,0.058434399117971325,832.0,237.0,0.2848557692307692,-0.14543269230769232,1739.0,0.320299022426682,1739.0,0.320299022426682,1739.0,0.320299022426682,1182.0,0.0,557.0,1.0,,,,,,,,,,,,,,
H1@H4,wick_touch,any,any,any,both,market,atr,fixed_rr,2.0,1.0,none,20,same,any,until_broken,999,0,any,any,any,any,any,any,any,any,own,any,none,20,24,close,102673,21292,5687,5687,1851,3836,0.32547916300334095,1851,3836,-40987.214285714304,-7.207176769072324,-266.2142857142726,1335.448361163813,1212.3584163000692,-595.6889058543125,28226.571428571515,-12630.428571428547,-133.99999999999994,-0.02356251098997713,-1.0,1.4057844061628035,2.0,-1.0,2.0000000000000484,-1.0,-0.01676111278989985,0.0,-1.2639924000650944,-0.5469387755102039,150234.78571428696,245.0,0.9820629800177093,-7.207176769072419,-0.023562510989977192,2244075.428571428,2285062.6428571427,8,18,24.13346228239845,32.6385737439222,20.029457768508863,2902.0,989.0,0.34079944865609924,0.022398345968297744,2785.0,862.0,0.3095152603231598,-0.07145421903052064,5687.0,0.32547916300334095,5687.0,0.32547916300334095,5687.0,0.32547916300334095,3836.0,0.0,1851.0,1.0,,,,,,,,,,,,,,
H1@H4,wick_touch,any,any,any,both,market,atr,fixed_rr,2.0,2.0,none,20,same,any,until_broken,999,0,any,any,any,any,any,any,any,any,own,any,none,20,24,close,102673,21292,2041,2041,651,1390,0.3189612934835865,651,1390,-66624.85714285751,-32.64324210821044,-574.8571428571267,2993.8187334516197,2590.5749396532806,-1261.2152106885922,56453.14285714285,-25260.857142857094,-87.99999999999996,-0.04311611954924055,-1.0,1.39856470219133,2.0,-1.0,2.0000000000000413,-1.0,-0.030828834362603606,0.0,-1.3927674445032554,-0.7457627118644065,215247.5714285719,118.0,0.9619957391132583,-32.643242108210416,-0.04311611954924055,1686464.2857142857,1753089.142857143,6,15,83.28858402743754,106.4147465437788,72.45755395683453,1022.0,362.0,0.3542074363992172,0.0626223091976517,1019.0,289.0,0.28361138370951916,-0.1491658488714426,2041.0,0.3189612934835865,2041.0,0.3189612934835865,2041.0,0.3189612934835865,1390.0,0.0,651.0,1.0,,,,,,,,,,,,,,
H1@H4,wick_touch,any,any,any,both,market,atr,fixed_rr,2.0,2.5,none,20,same,any,until_broken,999,0,any,any,any,any,any,any,any,any,own,any,none,20,24,close,102673,21292,1445,1445,499,946,0.3453287197231834,499,946,144903.5714285714,100.27928818586255,-692.4999999999955,3845.652867666914,3258.1505868880618,-1565.447749924494,70566.4285714285,-31576.071428571413,52.0,0.035986159169550176,-1.0,1.4269198370668714,2.0,-1.0,2.000000000000009,-1.0,0.025219468000053962,0.0,0.9586715616765226,1.2380952380952381,124871.78571428574,42.0,1.0978474194741759,100.2792881858627,0.03598615916955017,1625817.1428571427,1480913.5714285714,8,16,125.7280276816609,177.62725450901803,98.35200845665962,727.0,278.0,0.38239339752407153,0.14718019257221457,718.0,221.0,0.30779944289693595,-0.0766016713091922,1445.0,0.3453287197231834,1445.0,0.3453287197231834,1445.0,0.3453287197231834,946.0,0.0,499.0,1.0,,,,,,,,,,,,,,
M15@H4,wick_touch,with_daily,any,any,both,market,atr,fixed_rr,2.0,1.5,none,20,same,any,until_broken,999,0,any,any,any,any,any,any,any,any,own,any,none,20,24,close,118270,4170,1215,1215,386,829,0.3176954732510288,386,829,-38319.10714285643,-31.5383597883592,-301.92857142856155,1182.989539352669,1211.3060695780923,-610.2331121833535,13317.428571428536,-6539.249999999993,-57.0,-0.04691358024691358,-1.0,1.3973161866501094,2.0,-1.0,2.0,-1.0,-0.03357406197331974,0.0,-1.1702860459848277,-0.8028169014084507,56895.53571428519,71.0,0.9242530620595634,-31.538359788359116,-0.0469135802469135,467564.14285714366,505883.25000000006,5,18,6.189711934156379,8.57059585492228,5.081121833534379,634.0,221.0,0.34858044164037855,0.04574132492113565,581.0,165.0,0.28399311531841653,-0.14802065404475043,1215.0,0.3176954732510288,1215.0,0.3176954732510288,1215.0,0.3176954732510288,829.0,0.0,386.0,1.0,,,,,,,,,,,,,,
M15@H4,wick_touch,with_daily,any,any,both,market,period,fixed_rr,2.0,1.5,none,20,same,any,until_broken,999,0,any,any,any,any,any,any,any,any,own,any,none,20,24,close,118270,4170,1135,1135,387,748,0.3409691629955947,387,748,30136.33214285763,26.551834487099235,-218.14285714285688,1567.3373008119227,1357.6494462901446,-662.1310208174177,13478.878571428686,-12617.925000000014,26.0,0.02290748898678414,-1.0,1.4227319291517346,2.0,-1.0,2.0,-1.0,0.016101057773014283,0.0,0.5424407891192237,0.4,49402.76785714313,65.0,1.0608477972305106,26.551834487099086,0.022907488986784075,525410.335714286,495274.0035714285,9,18,7.870044052863436,11.209948320413437,6.142045454545454,588.0,220.0,0.3741496598639456,0.12244897959183673,547.0,167.0,0.3053016453382084,-0.08409506398537477,1135.0,0.3409691629955947,1135.0,0.3409691629955947,1135.0,0.3409691629955947,748.0,0.0,387.0,1.0,,,,,,,,,,,,,,
M15@H4,wick_touch,any,any,any,both,market,atr,fixed_rr,2.0,1.0,none,20,same,any,until_broken,999,0,any,any,any,any,any,any,any,any,own,any,none,20,24,close,118270,14233,5266,5266,1750,3516,0.3323205469046715,1750,3516,31817.809523810683,6.042121064149389,-185.64285714285234,796.8108285654085,778.4492244897965,-378.4039628365567,12612.428571428609,-7496.142857142877,-15.999999999999957,-0.0030383592859855577,-1.0,1.4132698600386686,2.0,-1.0,2.00000000000006,-1.0,-0.0021498790654903128,0.0,-0.15601072610614186,-0.19277108433734888,53202.571428571435,83.0,1.0239147439489182,6.0421210641493985,-0.0030383592859855035,1362286.142857144,1330468.3333333333,7,20,2.6597987086973034,3.587857142857143,2.197881114903299,2718.0,910.0,0.33480500367917587,0.004415011037527615,2548.0,840.0,0.32967032967032966,-0.01098901098901099,5266.0,0.3323205469046715,5266.0,0.3323205469046715,5266.0,0.3323205469046715,3516.0,0.0,1750.0,1.0,,,,,,,,,,,,,,
M15@H4,wick_touch,any,any,any,both,market,atr,fixed_rr,2.0,2.0,none,20,same,any,until_broken,999,0,any,any,any,any,any,any,any,any,own,any,none,20,24,close,118270,14233,2129,2129,690,1439,0.3240958196336308,690,1439,-103145.52380952408,-48.44787402983752,-434.7142857142899,1792.2348566393352,1684.3440993788806,-879.3210231973255,23528.285714285812,-14992.285714285663,-59.0,-0.027712541099107563,-1.0,1.4044379444763446,2.0,-1.0,2.000000000000021,-1.0,-0.019732122168943815,0.0,-0.9104615850340276,-0.7023809523809523,119072.85714285735,84.0,0.9184841361660581,-48.44787402983741,-0.02771254109910759,1162197.4285714277,1265342.9523809515,5,19,10.332785345232503,13.139492753623188,8.986970118137595,1064.0,365.0,0.3430451127819549,0.02913533834586466,1065.0,325.0,0.3051643192488263,-0.08450704225352113,2129.0,0.3240958196336308,2129.0,0.3240958196336308,2129.0,0.3240958196336308,1439.0,0.0,690.0,1.0,,,,,,,,,,,,,,
M15@H4,wick_touch,any,any,any,both,market,atr,fixed_rr,2.0,2.5,none,20,same,any,until_broken,999,0,any,any,any,any,any,any,any,any,own,any,none,20,24,close,118270,14233,1499,1499,491,1008,0.3275517011340894,491,1008,-81589.22619047608,-54.42910352933695,-553.5714285714448,2356.6247563680754,2173.487780040734,-1139.65449026833,29410.357142857174,-18740.3571428571,-25.999999999999986,-0.01734489659773181,-1.0,1.4084308971031765,2.0,-1.0,2.0000000000000147,-1.0,-0.012315049771633337,0.0,-0.47680081361699844,-0.5306122448979589,124275.53571428634,49.0,0.9289769896574317,-54.429103529337,-0.017344896597731863,1067182.5000000005,1148771.7261904767,5,17,16.288525683789192,21.078920570264767,13.955109126984127,752.0,266.0,0.3537234042553192,0.061170212765957466,747.0,225.0,0.30120481927710846,-0.0963855421686747,1499.0,0.3275517011340894,1499.0,0.3275517011340894,1499.0,0.3275517011340894,1008.0,0.0,491.0,1.0,,,,,,,,,,,,,,
M15@H1,wick_touch,with_daily,any,any,both,market,atr,fixed_rr,2.0,1.5,none,20,same,any,until_broken,999,0,any,any,any,any,any,any,any,any,own,any,none,20,24,close,173461,11645,2627,2627,889,1738,0.33840883136657784,889,1738,27372.749999999764,10.419775409211939,-255.42857142856974,1304.6719009679125,1227.9897155712686,-612.3763562386983,18962.785714285747,-8912.678571428569,40.00000000000004,0.015226494099733553,-1.0,1.4197753247157623,2.0,-1.0,2.0000000000000417,-1.0,0.010724580033662638,0.0,0.5496805004656701,0.6153846153846161,57783.10714285768,65.0,1.02571877295564,10.419775409212036,0.015226494099733534,1091682.8571428577,1064310.1071428577,8,17,5.625713741910925,8.109111361079865,4.355437284234752,1465.0,527.0,0.3597269624573379,0.07918088737201368,1162.0,362.0,0.31153184165232356,-0.06540447504302926,2627.0,0.33840883136657784,2627.0,0.33840883136657784,,,1738.0,0.0,889.0,1.0,,,2627.0,0.33840883136657784,,,,,,,,,,
M15@H1,wick_touch,with_daily,any,any,both,market,period,fixed_rr,2.0,1.5,none,20,same,any,until_broken,999,0,any,any,any,any,any,any,any,any,own,any,none,20,24,close,173461,11645,3112,3112,1021,2091,0.3280848329048843,1021,2091,-31758.517857140003,-10.205179260006428,-182.0374999999899,1230.5900691721622,1040.1809150692632,-523.0909766345566,18056.27857142863,-13322.289285714305,-49.00000000000003,-0.015745501285347054,-1.0,1.4087740475606318,2.0,-1.0,2.0,-1.0,-0.011176740026274076,0.0,-0.6234978258323134,-0.44954128440366986,76974.85357142845,109.00000000000003,0.9709645230207806,-10.205179260006446,-0.01574550128534702,1062024.7142857176,1093783.2321428577,7,17,4.7010764781491,6.665523996082272,3.741869918699187,1708.0,584.0,0.34192037470725994,0.025761124121779843,1404.0,437.0,0.31125356125356124,-0.06623931623931624,3112.0,0.3280848329048843,3112.0,0.3280848329048843,,,2091.0,0.0,1021.0,1.0,,,3112.0,0.3280848329048843,,,,,,,,,,
M15@H1,wick_touch,any,any,any,both,market,atr,fixed_rr,2.0,1.0,none,20,same,any,until_broken,999,0,any,any,any,any,any,any,any,any,own,any,none,20,24,close,173461,33514,8839,8839,2954,5885,0.33420070143681413,2954,5885,27903.928571430268,3.156910122347581,-178.35714285715767,834.0922465805647,793.4776574136772,-393.5478456123317,12641.857142857225,-7496.142857142877,22.9999999999997,0.0026021043104423234,-1.0,1.4152109109817386,2.0,-1.0,2.0,-1.0,0.0018386689151776191,0.0,0.17286421599811186,0.20353982300884646,51584.35714285778,113.00000000000026,1.0120481771648138,3.156910122347597,0.002602104310442388,2343933.0000000023,2316029.071428572,7,23,2.555153297884376,3.5622037914691944,2.049660152931181,4570.0,1558.0,0.34091903719912475,0.022757111597374115,4269.0,1396.0,0.32700866713516047,-0.018973998594518624,8839.0,0.33420070143681413,8839.0,0.33420070143681413,,,5885.0,0.0,2954.0,1.0,,,8839.0,0.33420070143681413,,,,,,,,,,
M15@H1,wick_touch,any,any,any,both,market,atr,fixed_rr,2.0,2.0,none,20,same,any,until_broken,999,0,any,any,any,any,any,any,any,any,own,any,none,20,24,close,173461,33514,2979,2979,990,1989,0.3323262839879154,989,1989,-42810.428571430784,-14.370738023306743,-414.7142857142853,1878.047175481647,1721.7454545454532,-878.500969618617,25283.714285714268,-12138.571428571413,-9.916034922573932,-0.0033286454926397878,-1.0,1.413042715451224,1.9990747121994201,-1.0,2.000000000000021,-1.0,-0.002355658081841396,0.0,-0.12857232739071273,-0.07746902283260884,118699.99999999999,128.0,0.9754996354046703,-14.370738023306671,-0.0033286454926397813,1704527.9999999986,1747338.428571429,6,21,9.98749580396106,12.635353535353536,8.66955756661639,1571.0,554.0,0.3526416295353278,0.057341798266980305,1408.0,436.0,0.3096590909090909,-0.07102272727272728,2979.0,0.3323262839879154,2979.0,0.3323262839879154,,,1989.0,0.0,989.0,1.0,1.0,1.0,2979.0,0.3323262839879154,,,,,,,,,,
M15@H1,wick_touch,any,any,any,both,market,atr,fixed_rr,2.0,2.5,none,20,same,any,until_broken,999,0,any,any,any,any,any,any,any,any,own,any,none,20,24,close,173461,33514,1994,1994,650,1344,0.3259779338014042,649,1344,-52190.5357142855,-26.173789224817202,-553.5714285714221,2418.669084966992,2239.01153846154,-1121.6875265731298,30346.428571428623,-14405.000000000018,-45.13282793805909,-0.022634316919788913,-1.0,1.4059814942575413,1.9982571877876014,-1.0,2.0000000000000258,-1.0,-0.016098588076894606,0.0,-0.7188700083538394,-0.4905742167180337,131855.35714285687,91.99999999999997,0.965380515593616,-26.173789224817142,-0.0226343169197889,1455357.500000001,1507548.0357142864,5,17,16.097668004012036,20.53423076923077,13.952008928571429,1062.0,378.0,0.3559322033898305,0.06672991719580124,932.0,272.0,0.2918454935622318,-0.12446351931330472,1994.0,0.3259779338014042,1994.0,0.3259779338014042,,,1344.0,0.0,649.0,1.0,1.0,1.0,1994.0,0.3259779338014042,,,,,,,,,,
M5@H1,wick_touch,with_daily,any,any,both,market,atr,fixed_rr,2.0,1.5,none,20,same,any,until_broken,999,0,any,any,any,any,any,any,any,any,own,any,none,20,24,close,156071,7588,1960,1960,648,1312,0.3306122448979592,648,1312,-32424.21428571343,-16.542966472302773,-265.071428571423,1144.6535985627072,1161.8981481481496,-598.5779072299651,10193.785714285696,-5410.178571428514,-16.0,-0.00816326530612245,-1.0,1.4116610158833205,2.0,-1.0,2.0,-1.0,-0.005782737650380208,0.0,-0.2560127092097668,-0.21621621621621623,60005.14285714198,74.0,0.9587128464596387,-16.54296647230268,-0.008163265306122436,752910.0000000009,785334.2142857142,7,20,1.898469387755102,2.617026748971193,1.5435721544715448,1164.0,402.0,0.34536082474226804,0.03608247422680412,796.0,246.0,0.30904522613065327,-0.0728643216080402,1960.0,0.3306122448979592,1960.0,0.3306122448979592,,,1312.0,0.0,648.0,1.0,,,1960.0,0.3306122448979592,,,,,,,,,,
M5@H1,wick_touch,with_daily,any,any,both,market,period,fixed_rr,2.0,1.5,none,20,same,any,until_broken,999,0,any,any,any,any,any,any,any,any,own,any,none,20,24,close,156071,7588,1732,1732,571,1161,0.32967667436489606,571,1161,28222.725000001723,16.294875866051804,-215.28214285710874,1435.7690377959511,1321.564448336256,-625.6594099913871,14111.378571428577,-11075.932142857164,-18.99999999999976,-0.010969976905311641,-1.0,1.4106943954375004,2.0000000000000004,-1.0,2.000000000000239,-1.0,-0.007776295802117728,0.0,-0.32362846711672716,-0.2467532467532444,42946.24999999978,76.99999999999976,1.0388533744397794,16.29487586605177,-0.010969976905311762,754613.3000000021,726390.5750000004,5,19,2.688799076212471,4.2689725627554,1.911642262417456,1020.0,347.0,0.34019607843137256,0.020588235294117883,712.0,224.0,0.3146067415730337,-0.056179775280898875,1732.0,0.32967667436489606,1732.0,0.32967667436489606,,,1161.0,0.0,571.0,1.0,,,1732.0,0.32967667436489606,,,,,,,,,,
M5@H1,wick_touch,any,any,any,both,market,atr,fixed_rr,2.0,1.0,none,20,same,any,until_broken,999,0,any,any,any,any,any,any,any,any,own,any,none,20,24,close,156071,20369,7409,7409,2494,4915,0.3366176272101498,2494,4915,31352.00000000168,4.231610203806409,-163.21428571427532,724.3116924749677,728.7743727803874,-363.42040401104464,9961.14285714284,-4387.92857142862,73.0,0.009852881630449454,-1.0,1.4177542444597786,2.0,-1.0,2.0,-1.0,0.006949640016210143,0.0,0.5981940742714884,0.73,52292.49999999981,100.0,1.017552234861994,4.231610203806383,0.009852881630449395,1817563.2857142861,1786211.2857142845,6,18,0.7105434831511226,0.8473336006415397,0.6411325873177348,3716.0,1290.0,0.3471474703982777,0.041442411194833155,3693.0,1204.0,0.32602220417005146,-0.021933387489845652,7409.0,0.3366176272101498,7409.0,0.3366176272101498,,,4915.0,0.0,2494.0,1.0,,,7409.0,0.3366176272101498,,,,,,,,,,
M5@H1,wick_touch,any,any,any,both,market,atr,fixed_rr,2.0,2.0,none,20,same,any,until_broken,999,0,any,any,any,any,any,any,any,any,own,any,none,20,24,close,156071,20369,2712,2712,890,1822,0.3281710914454277,890,1822,-23673.714285711558,-8.729245680572108,-370.64285714284324,1618.4687890144364,1636.1865168539332,-812.2281637133437,16286.285714285805,-8805.857142857167,-41.999999999999964,-0.015486725663716802,-1.0,1.4089021860292168,2.0,-1.0,2.000000000000035,-1.0,-0.010992051696196069,0.0,-0.5724316061625954,-0.48275862068965475,57808.42857142834,87.0,0.9840029469576598,-8.729245680572262,-0.015486725663716894,1456206.0000000005,1479879.7142857122,8,21,3.4985865290068827,4.807865168539326,2.8590376875228687,1388.0,491.0,0.3537463976945245,0.06123919308357351,1324.0,399.0,0.3013595166163142,-0.09592145015105741,2712.0,0.3281710914454277,2712.0,0.3281710914454277,,,1822.0,0.0,890.0,1.0,,,2712.0,0.3281710914454277,,,,,,,,,,
M5@H1,wick_touch,any,any,any,both,market,atr,fixed_rr,2.0,2.5,none,20,same,any,until_broken,999,0,any,any,any,any,any,any,any,any,own,any,none,20,24,close,156071,20369,1933,1933,630,1303,0.3259182617692706,630,1303,-156727.67857142747,-81.08001995417872,-476.071428571413,2021.3373411452615,1978.3786848072568,-1076.8275134305445,20357.85714285721,-11007.321428571413,-43.0,-0.02224521469218831,-1.0,1.4065146149965453,2.0,-1.0,2.0,-1.0,-0.015815843258936167,0.0,-0.695357717881279,-0.6615384615384615,171749.1071428548,65.0,0.888299493661704,-81.08001995417874,-0.02224521469218821,1246378.5714285718,1403106.2499999995,5,19,5.30130194861183,6.411375661375661,4.7645817344589405,975.0,345.0,0.35384615384615387,0.06153846153846154,958.0,285.0,0.2974947807933194,-0.10751565762004175,1933.0,0.3259182617692706,1933.0,0.3259182617692706,,,1303.0,0.0,630.0,1.0,,,1933.0,0.3259182617692706,,,,,,,,,,
M5@M15,wick_touch,with_daily,any,any,both,market,atr,fixed_rr,2.0,1.5,none,20,same,any,until_broken,999,0,any,any,any,any,any,any,any,any,own,any,none,20,24,close,222820,18219,3425,3425,1180,2245,0.3445255474452555,1180,2245,62439.53571428825,18.230521376434524,-246.6428571428878,1205.11916742702,1158.9099878934637,-581.3248329621374,20552.571428571355,-7944.107142857138,115.00000000000003,0.03357664233576643,-1.0,1.4258481127300187,2.0,-1.0,2.0000000000000533,-1.0,0.023548540714816026,0.0,1.378143012011423,2.395833333333334,70079.99999999946,48.0,1.0478436653809455,18.23052137643475,0.033576642335766516,1367513.785714287,1305074.2499999986,6,16,1.8049878345498782,2.3673022598870057,1.5094283593170006,2139.0,736.0,0.34408602150537637,0.032258064516129045,1286.0,444.0,0.3452566096423017,0.03576982892690513,3425.0,0.3445255474452555,3425.0,0.3445255474452555,,,2245.0,0.0,1180.0,1.0,,,,,3425.0,0.3445255474452555,,,,,,,,
M5@M15,wick_touch,with_daily,any,any,both,market,period,fixed_rr,2.0,1.5,none,20,same,any,until_broken,999,0,any,any,any,any,any,any,any,any,own,any,none,20,24,close,222820,18219,4372,4372,1529,2843,0.3497255260750229,1529,2843,125896.4428571385,28.79607567638118,-153.72500000000855,1042.2504748435406,917.053573764363,-448.91961710466853,21955.257142857226,-7032.410714285743,215.00000000000006,0.04917657822506863,-1.0,1.4308132306337789,2.0,-1.0,2.000000000000058,-1.0,0.03436966975996291,0.0,2.272560406197325,4.886363636363638,52693.649999999325,44.0,1.0986433961517967,28.79607567638118,0.04917657822506871,1402174.914285711,1276278.4714285727,9,18,1.3544906983836535,1.8458687595378245,1.0902215969046782,2648.0,926.0,0.3496978851963746,0.04909365558912389,1724.0,603.0,0.34976798143851506,0.049303944315545245,4372.0,0.3497255260750229,4372.0,0.3497255260750229,,,2843.0,0.0,1529.0,1.0,,,,,4372.0,0.3497255260750229,,,,,,,,
M5@M15,wick_touch,any,any,any,both,market,atr,fixed_rr,2.0,1.0,none,20,same,any,until_broken,999,0,any,any,any,any,any,any,any,any,own,any,none,20,24,close,222820,46666,11996,11996,4058,7938,0.3382794264754918,4058,7938,56700.642857142615,4.726629114466707,-158.03571428571104,716.2576509916895,708.1125114412444,-354.852598711442,14051.42857142855,-6850.857142857149,178.0000000000002,0.014838279426475505,-1.0,1.4194315974055913,2.0,-1.0,2.0000000000001505,-1.0,0.010453676988448487,0.0,1.1449520660252523,2.2250000000000023,67494.50000000068,80.0,1.02012931046178,4.726629114466704,0.01483827942647542,2873520.5714285695,2816819.928571427,8,20,0.7463390574635991,0.9674511253491046,0.6333039388594944,6199.0,2143.0,0.3457009195031457,0.03710275850943703,5797.0,1915.0,0.3303432810074176,-0.00897015697774711,11996.0,0.3382794264754918,11996.0,0.3382794264754918,,,7938.0,0.0,4058.0,1.0,,,,,11996.0,0.3382794264754918,,,,,,,,
M5@M15,wick_touch,any,any,any,both,market,atr,fixed_rr,2.0,2.0,none,20,same,any,until_broken,999,0,any,any,any,any,any,any,any,any,own,any,none,20,24,close,222820,46666,3631,3631,1223,2408,0.3368218121729551,1222,2408,83459.57142857247,22.985285438879778,-376.28571428572286,1667.7804154906064,1664.904216797103,-810.9295206454669,21184.28571428576,-9296.428571428623,36.88020637192142,0.010157038383894635,-1.0,1.4177544198228127,1.999084387875651,-1.0,2.000000000000035,-1.0,0.007164173316535339,0.0,0.4316971765859433,0.2691985866563607,94038.57142857171,137.0,1.0427402006931294,22.985285438879828,0.01015703838389459,2036177.8571428568,1952718.2857142845,7,18,3.406407784815937,4.541223766693922,2.830045681063123,1904.0,682.0,0.3581932773109244,0.07399170502726965,1727.0,541.0,0.3132599884192241,-0.06022003474232773,3631.0,0.3368218121729551,3631.0,0.3368218121729551,,,2408.0,0.0,1222.0,1.0,1.0,1.0,,,3631.0,0.3368218121729551,,,,,,,,
M5@M15,wick_touch,any,any,any,both,market,atr,fixed_rr,2.0,2.5,none,20,same,any,until_broken,999,0,any,any,any,any,any,any,any,any,own,any,none,20,24,close,222820,46666,2309,2309,765,1544,0.3313122563880468,764,1544,-83043.46428571286,-35.96512095526759,-487.5,2051.474220743808,2063.372922502334,-1076.1164183937813,18128.21428571424,-13240.178571428532,-14.976022673594741,-0.006485934462362382,-1.0,1.4119064443698564,1.99872415336785,-1.0,2.0,-1.0,-0.004593742374521918,0.0,-0.22073876172759357,-0.1207743763999576,209870.1785714283,124.0,0.9500196947014974,-35.96512095526748,-0.006485934462362342,1578480.2857142854,1661523.7499999984,8,16,5.74328713728887,7.869063180827887,4.690036701208982,1214.0,434.0,0.357495881383855,0.07168367160329922,1095.0,331.0,0.30228310502283107,-0.09315068493150686,2309.0,0.3313122563880468,2309.0,0.3313122563880468,,,1544.0,0.0,764.0,1.0,1.0,1.0,,,2309.0,0.3313122563880468,,,,,,,,
H1@D1,wick_touch,with_daily,any,any,both,market,atr,fixed_rr,2.0,1.5,none,20,same,any,until_broken,999,0,any,any,any,any,any,any,any,any,own,any,none,20,24,close,69416,2438,814,814,268,546,0.32923832923832924,267,546,-36155.49999999976,-44.41707616707587,-415.7142857142844,1518.1040001550143,1514.0007995735612,-809.3547880690736,9916.285714285732,-10772.46428571425,-11.592806322278607,-0.014241776808696077,-1.0,1.4089857057402164,1.9940566928273185,-1.0,2.0,-1.0,-0.010107822067090525,0.0,-0.28838308981132926,-0.21077829676870194,57763.71428571411,55.0,0.9181831436039979,-44.417076167076004,-0.014241776808696205,405752.2142857144,441907.7142857142,5,12,28.13144963144963,34.48880597014925,25.01098901098901,426.0,150.0,0.352112676056338,0.05259904619183425,388.0,118.0,0.30412371134020616,-0.08762886597938144,814.0,0.32923832923832924,814.0,0.32923832923832924,,,546.0,0.0,267.0,1.0,1.0,1.0,,,,,814.0,0.32923832923832924,,,,,,
H1@D1,wick_touch,with_daily,any,any,both,market,period,fixed_rr,2.0,1.5,none,20,same,any,until_broken,999,0,any,any,any,any,any,any,any,any,own,any,none,20,24,close,69416,2438,777,777,243,534,0.3127413127413127,242,534,-28382.714285713817,-36.528589814303494,-302.0999999999958,1766.8516712155003,1650.760611405058,-804.3399678972713,21394.685714285697,-11026.246428571358,-49.553616002478634,-0.06377556757075757,-1.0,1.38987453481796,1.9936065185083183,-1.0,2.000000000000018,-1.0,-0.04588584506954121,0.0,-1.2790550708662214,-0.619420200030983,54286.52857142833,80.0,0.9339195458771893,-36.52858981430347,-0.06377556757075764,401134.82857142907,429517.54285714286,6,14,35.86100386100386,56.89711934156379,26.288389513108616,407.0,150.0,0.36855036855036855,0.10183386731577732,370.0,93.0,0.25135135135135134,-0.24594594594594596,777.0,0.3127413127413127,777.0,0.3127413127413127,,,534.0,0.0,242.0,1.0,1.0,1.0,,,,,777.0,0.3127413127413127,,,,,,
H1@D1,wick_touch,any,any,any,both,market,atr,fixed_rr,2.0,1.0,none,20,same,any,until_broken,999,0,any,any,any,any,any,any,any,any,own,any,none,20,24,close,69416,7583,2866,2866,972,1894,0.33914863921842286,971,1894,6331.642857142891,2.2092263981656983,-265.92857142857156,1123.9056107711913,1071.527777777778,-546.5646025041486,16003.571428571377,-12847.571428571428,48.61079051658209,0.016961196970196123,-1.0,1.4200691387271278,1.9985707721364012,-1.0,2.0,-1.0,0.011943923367984189,0.0,0.6394183586154834,0.6232152630331037,86827.07142857094,78.0,1.0061163866764158,2.20922639816564,0.016961196970196046,1041525.0000000002,1035193.3571428575,8,15,13.953593859036985,19.921810699588477,10.890707497360085,1459.0,521.0,0.3570938999314599,0.07032953428141335,1407.0,451.0,0.3205401563610519,-0.03837953091684435,2866.0,0.33914863921842286,2866.0,0.33914863921842286,,,1894.0,0.0,971.0,1.0,1.0,1.0,,,,,2866.0,0.33914863921842286,,,,,,
H1@D1,wick_touch,any,any,any,both,market,atr,fixed_rr,2.0,2.0,none,20,same,any,until_broken,999,0,any,any,any,any,any,any,any,any,own,any,none,20,24,close,69416,7583,1253,1253,413,840,0.329608938547486,412,840,-18110.57142857188,-14.453768099418898,-573.2857142857256,2390.1157761541226,2262.6585956416466,-1134.0340136054426,29957.999999999993,-25260.857142857094,-15.694604741708966,-0.012525622299847538,-1.0,1.4096587972196644,1.9958968408191067,-1.0,2.0,-1.0,-0.008885570270303995,0.0,-0.3145291065429769,-0.3077373478766464,86688.7142857142,51.0,0.9809880446062755,-14.453768099418767,-0.01252562229984755,934478.0000000001,952588.5714285718,6,18,45.84118116520351,58.19854721549637,39.76547619047619,631.0,218.0,0.34548335974643424,0.03376449327779879,622.0,195.0,0.3135048231511254,-0.0594855305466238,1253.0,0.329608938547486,1253.0,0.329608938547486,,,840.0,0.0,412.0,1.0,1.0,1.0,,,,,1253.0,0.329608938547486,,,,,,
H1@D1,wick_touch,any,any,any,both,market,atr,fixed_rr,2.0,2.5,none,20,same,any,until_broken,999,0,any,any,any,any,any,any,any,any,own,any,none,20,24,close,69416,7583,896,896,299,597,0.33370535714285715,298,597,-782.4999999997563,-0.8733258928568708,-713.4821428571513,3058.5863486543644,2799.065934065936,-1403.1879636276626,37447.50000000004,-31576.071428571413,-0.7556837933671585,-0.0008433970908115643,-1.0,1.4138418096254755,1.9941281478482706,-1.0,2.000000000000008,-1.0,-0.0005965286109589437,0.0,-0.017856045468932245,-0.012388258907658337,100943.21428571412,61.0,0.9990658982958935,-0.8733258928567693,-0.0008433970908113819,836920.7142857148,837703.2142857146,7,21,73.26339285714286,102.5752508361204,58.58291457286432,438.0,162.0,0.3698630136986301,0.10558063060875077,458.0,137.0,0.29912663755458513,-0.10262008733624454,896.0,0.33370535714285715,896.0,0.33370535714285715,,,597.0,0.0,298.0,1.0,1.0,1.0,,,,,896.0,0.33370535714285715,,,,,,
H1@H4,wick_touch,any,any,any,both,market,zone,fixed_rr,2.0,1.5,none,20,same,london,until_broken,999,0,any,any,any,any,any,any,any,any,own,any,none,20,24,close,102673,7728,795,795,244,551,0.3069182389937107,244,551,88394.84999999887,111.18849056603632,-660.8785714285659,4030.6737915050417,3828.0048594847735,-1534.7338216230235,43122.621428571256,-19110.48571428564,-63.00000000000003,-0.07924528301886796,-1.0,1.3845165508432742,2.0,-1.0,2.0,-1.0,-0.05723678996152242,0.0,-1.6138338977274116,-0.6494845360824745,114508.79285714302,97.00000000000001,1.1045303249235199,111.18849056603608,-0.07924528301886802,934033.1857142848,845638.335714286,5,16,76.71698113207547,112.46311475409836,60.88747731397459,397.0,129.0,0.3249370277078086,-0.025188916876574378,398.0,115.0,0.2889447236180904,-0.13316582914572864,795.0,0.3069182389937107,795.0,0.3069182389937107,795.0,0.3069182389937107,551.0,0.0,244.0,1.0,,,,,,,,,,,,,,
H1@H4,wick_touch,any,any,any,both,market,zone,fixed_rr,2.0,1.5,none,20,same,london_ny_overlap,until_broken,999,0,any,any,any,any,any,any,any,any,own,any,none,20,24,close,102673,3835,699,699,219,480,0.3133047210300429,219,480,-78142.1678571434,-111.7913703249548,-679.5500000000175,3350.6534464344454,3255.6163731245915,-1648.1711532738104,27982.521428571454,-16989.260714285683,-41.99999999999999,-0.06008583690987124,-1.0,1.3925077843890925,2.0,-1.0,2.0000000000000075,-1.0,-0.04314937236507551,0.0,-1.1408093471366982,-0.7368421052631579,122516.66071428638,56.99999999999999,0.9012261665226037,-111.79137032495476,-0.06008583690987124,712979.9857142855,791122.153571429,4,15,75.70815450643777,101.0228310502283,64.15833333333333,355.0,116.0,0.3267605633802817,-0.01971830985915491,344.0,103.0,0.29941860465116277,-0.10174418604651163,699.0,0.3133047210300429,699.0,0.3133047210300429,699.0,0.3133047210300429,480.0,0.0,219.0,1.0,,,,,,,,,,,,,,
H1@H4,wick_touch,any,any,any,both,market,zone,fixed_rr,2.0,1.5,none,20,same,no_asian,until_broken,999,0,any,any,any,any,any,any,any,any,own,any,none,20,24,close,102673,14340,868,868,267,601,0.3076036866359447,266,601,-11101.157142858003,-12.789351547071432,-658.4785714285772,3899.17543233297,3650.3774745853357,-1640.186260993582,43122.621428571256,-17479.50357142854,-68.78645703709427,-0.07924707031923305,-1.0,1.3835391136944646,1.9933091496738045,-1.0,2.0,-1.0,-0.05727851821089437,0.0,-1.6875305232327615,-0.7476788808379812,133278.96428571473,92.0,0.9887383867480067,-12.789351547071874,-0.07924707031923306,974650.7857142846,985751.9428571428,7,12,84.9815668202765,133.35205992509364,63.49251247920133,457.0,155.0,0.33916849015317285,0.013596374098261976,411.0,112.0,0.2725060827250608,-0.18248175182481752,868.0,0.3076036866359447,868.0,0.3076036866359447,868.0,0.3076036866359447,601.0,0.0,266.0,1.0,1.0,1.0,,,,,,,,,,,,
M15@H4,wick_touch,any,any,any,both,market,zone,fixed_rr,2.0,1.5,none,20,same,london,until_broken,999,0,any,any,any,any,any,any,any,any,own,any,none,20,24,close,118270,6126,441,441,131,310,0.29705215419501135,130,310,-35359.56428571417,-80.18041788143803,-953.7142857142726,4425.468417445562,4530.14405670665,-2028.4143087557588,38961.46428571428,-18863.32857142852,-49.67098706583988,-0.11263262373206322,-1.0,1.3689027423403572,1.987244373543207,-1.0,2.00000000000001,-1.0,-0.08227949309203648,0.0,-1.7278693549327662,-0.9371884352045259,119969.71785714268,53.00000000000001,0.943767350631122,-80.18041788143773,-0.11263262373206318,593448.8714285712,628808.4357142852,5,18,58.73866213151928,82.05343511450381,48.88629032258064,235.0,74.0,0.3148936170212766,-0.06242973219506332,206.0,57.0,0.2766990291262136,-0.16990291262135923,441.0,0.29705215419501135,441.0,0.29705215419501135,441.0,0.29705215419501135,310.0,0.0,130.0,1.0,1.0,1.0,,,,,,,,,,,,
M15@H4,wick_touch,any,any,any,both,market,zone,fixed_rr,2.0,1.5,none,20,same,london_ny_overlap,until_broken,999,0,any,any,any,any,any,any,any,any,own,any,none,20,24,close,118270,3071,383,383,104,279,0.27154046997389036,104,279,-152956.26428571405,-399.36361432301317,-1046.1214285714505,3849.678311275497,4016.7447115384657,-2045.511520737328,27062.957142857158,-19996.649999999954,-71.0,-0.185378590078329,-1.0,1.3360076888910548,2.0,-1.0,2.0,-1.0,-0.1387556311387709,0.0,-2.7155012320290415,-0.9466666666666667,187242.11071428543,75.0,0.7319837447094838,-399.36361432301305,-0.1853785900783289,417741.4500000004,570697.7142857146,3,13,58.29634464751958,79.10096153846153,50.541218637992834,185.0,58.0,0.31351351351351353,-0.05945945945945946,198.0,46.0,0.23232323232323232,-0.30303030303030304,383.0,0.27154046997389036,383.0,0.27154046997389036,383.0,0.27154046997389036,279.0,0.0,104.0,1.0,,,,,,,,,,,,,,
M15@H4,wick_touch,any,any,any,both,market,zone,fixed_rr,2.0,1.5,none,20,same,no_asian,until_broken,999,0,any,any,any,any,any,any,any,any,own,any,none,20,24,close,118270,10939,510,510,157,353,0.307843137254902,156,353,-64351.90000000022,-126.1801960784318,-950.8285714285648,3956.216377125622,3934.817288444038,-1932.3462161068387,19302.035714285557,-35771.27857142859,-40.722180552015736,-0.07984741284708968,-1.0,1.3831895764809239,1.9890306971209188,-1.0,2.00000000000001,-1.0,-0.05772702036277302,0.0,-1.3036596675442733,-0.9049373456003494,118045.22142857141,45.000000000000014,0.905658727985461,-126.18019607843144,-0.07984741284708963,617766.314285714,682118.2142857141,5,11,61.22107843137255,79.39331210191082,53.138810198300284,272.0,98.0,0.3602941176470588,0.07455080679405979,238.0,59.0,0.24789915966386555,-0.25630252100840334,510.0,0.307843137254902,510.0,0.307843137254902,510.0,0.307843137254902,353.0,0.0,156.0,1.0,1.0,1.0,,,,,,,,,,,,
M15@H1,wick_touch,any,any,any,both,market,zone,fixed_rr,2.0,1.5,none,20,same,london,until_broken,999,0,any,any,any,any,any,any,any,any,own,any,none,20,24,close,173461,14534,1344,1344,434,910,0.3229166666666667,430,913,-1133.0642857150651,-0.8430537840141854,-423.75535714285206,2266.9601712162525,2111.1744568795243,-1008.1129434850864,24816.2928571428,-13226.189285714281,-46.54430614974906,-0.03463118017094424,-1.0,1.399818032167627,1.9895292485028826,-1.0,2.0,-1.0,-0.024739772866990178,0.0,-0.9069750547119771,-0.5967218737147315,95415.11428571393,78.0,0.9987648947503904,-0.843053784014046,-0.03463118017094402,916249.7142857136,917382.7785714286,5,16,15.609561011904763,21.141705069124423,12.971153846153847,681.0,232.0,0.3406754772393539,0.018290299339575537,663.0,202.0,0.3046757164404223,-0.0889894419306184,1344.0,0.3229166666666667,1344.0,0.3229166666666667,,,913.0,0.0032858707557502738,430.0,1.0,1.0,1.0,1344.0,0.3229166666666667,,,,,,,,,,
M15@H1,wick_touch,any,any,any,both,market,zone,fixed_rr,2.0,1.5,none,20,same,london_ny_overlap,until_broken,999,0,any,any,any,any,any,any,any,any,own,any,none,20,24,close,173461,7115,1094,1094,344,750,0.31444241316270566,343,750,33863.37857142775,30.95372812744767,-447.10357142856765,2233.360678665186,2230.137603820596,-977.7386095238095,24816.2928571428,-7748.925000000054,-63.54430614974906,-0.05808437490836294,-1.0,1.3922135861049776,1.9955107379367762,-1.0,2.0,-1.0,-0.041720879244446035,0.0,-1.3799460680885447,-0.8252507292175203,74105.65714285744,77.0,1.046179184281738,30.95372812744779,-0.058084374908362824,767167.3357142849,733303.9571428571,5,15,13.550731261425959,20.0203488372093,10.583333333333334,547.0,183.0,0.33455210237659966,0.0008330783368390114,547.0,161.0,0.2943327239488117,-0.1170018281535649,1094.0,0.31444241316270566,1094.0,0.31444241316270566,,,750.0,0.0,343.0,1.0,1.0,1.0,1094.0,0.31444241316270566,,,,,,,,,,
M15@H1,wick_touch,any,any,any,both,market,zone,fixed_rr,2.0,1.5,none,20,same,no_asian,until_broken,999,0,any,any,any,any,any,any,any,any,own,any,none,20,24,close,173461,24821,1508,1508,479,1029,0.3176392572944297,473,1034,-862.7107142873538,-0.5720893330817995,-459.63749999999663,2814.0619157853907,2427.2847002684134,-1130.740604609191,45086.578571428436,-29551.014285714336,-77.54430614974908,-0.051421953680204954,-1.0,1.39251486970629,1.9863375654493758,-1.0,2.0,-1.0,-0.03692740005789016,0.0,-1.4340008282959542,-0.5919412683186952,118290.76071428575,131.0,0.9992585415326934,-0.5720893330818626,-0.05142195368020486,1162669.37142857,1163532.0821428576,6,14,20.96568302387268,29.650313152400834,16.922983479105927,810.0,282.0,0.34814814814814815,0.038834189938581384,698.0,197.0,0.2822349570200573,-0.15616045845272206,1508.0,0.3176392572944297,1508.0,0.3176392572944297,,,1034.0,0.004835589941972921,473.0,1.0,1.0,1.0,1508.0,0.3176392572944297,,,,,,,,,,
M5@H1,wick_touch,any,any,any,both,market,zone,fixed_rr,2.0,1.5,none,20,same,london,until_broken,999,0,any,any,any,any,any,any,any,any,own,any,none,20,24,close,156071,8155,620,620,170,450,0.27419354838709675,170,450,-65904.72500000091,-106.29794354838856,-682.2428571428418,3611.876201938577,3424.2747899159613,-1440.0698650793652,46917.23571428574,-18960.307142857164,-110.00000000000001,-0.17741935483870971,-1.0,1.3394015680629427,2.0,-1.0,2.0,-1.0,-0.13246165979579635,0.0,-3.298268730081211,-0.8333333333333335,118133.27142857198,132.0,0.898300111684946,-106.29794354838873,-0.17741935483870974,582126.7142857134,648031.4392857143,4,18,11.396908602150537,19.394607843137255,8.375555555555556,325.0,93.0,0.28615384615384615,-0.1415384615384616,295.0,77.0,0.26101694915254237,-0.21694915254237288,620.0,0.27419354838709675,620.0,0.27419354838709675,,,450.0,0.0,170.0,1.0,,,620.0,0.27419354838709675,,,,,,,,,,
M5@H1,wick_touch,any,any,any,both,market,zone,fixed_rr,2.0,1.5,none,20,same,london_ny_overlap,until_broken,999,0,any,any,any,any,any,any,any,any,own,any,none,20,24,close,156071,4143,455,455,130,325,0.2857142857142857,130,325,-24491.046428571834,-53.82647566719084,-723.1178571428245,3373.970211505675,3468.187802197797,-1462.6321868131856,35527.74285714285,-18960.307142857164,-65.0,-0.14285714285714285,-1.0,1.3567536124917596,2.0,-1.0,2.0,-1.0,-0.10529335727713826,0.0,-2.2459840703897354,-0.8666666666666667,74482.38928571447,75.0,0.9484784578013038,-53.826475667190834,-0.1428571428571429,450864.4142857136,475355.4607142853,5,13,11.79065934065934,21.95448717948718,7.725128205128205,235.0,76.0,0.32340425531914896,-0.029787234042553193,220.0,54.0,0.24545454545454545,-0.2636363636363636,455.0,0.2857142857142857,455.0,0.2857142857142857,,,325.0,0.0,130.0,1.0,,,455.0,0.2857142857142857,,,,,,,,,,
M5@H1,wick_touch,any,any,any,both,market,zone,fixed_rr,2.0,1.5,none,20,same,no_asian,until_broken,999,0,any,any,any,any,any,any,any,any,own,any,none,20,24,close,156071,14860,778,778,234,544,0.30077120822622105,234,544,-114109.8464285731,-146.67075376423278,-698.9160714285845,3712.581151924032,3267.5974969474923,-1615.308199842438,46917.23571428574,-28820.932142857146,-76.0,-0.09768637532133675,-1.0,1.3766651718787921,2.0,-1.0,2.0,-1.0,-0.07095870318853212,0.0,-1.9792263691347178,-0.9382716049382716,157380.5750000015,81.0,0.8701419660150254,-146.67075376423293,-0.09768637532133684,764617.8142857132,878727.6607142863,5,17,14.855719794344473,22.31374643874644,11.64767156862745,431.0,142.0,0.3294663573085847,-0.01160092807424594,347.0,92.0,0.26512968299711814,-0.20461095100864554,778.0,0.30077120822622105,778.0,0.30077120822622105,,,544.0,0.0,234.0,1.0,,,778.0,0.30077120822622105,,,,,,,,,,
M5@M15,wick_touch,any,any,any,both,market,zone,fixed_rr,2.0,1.5,none,20,same,london,until_broken,999,0,any,any,any,any,any,any,any,any,own,any,none,20,24,close,222820,19388,1671,1671,556,1115,0.3327348892878516,551,1120,26953.135714283784,16.129943575274556,-318.35714285716676,1852.1968716661343,1638.983350462485,-793.1135490070474,23798.285714285703,-10870.17857142855,-8.0,-0.0047875523638539795,-1.0,1.4108140300174457,1.9910071942446044,-1.0,2.0,-1.0,-0.0033934680701997117,0.0,-0.13871773600780088,-0.12121212121212122,82138.86428571324,66.0,1.0304788840356014,16.129943575274638,-0.004787552363853864,911274.7428571417,884321.6071428579,5,17,3.335976461200878,4.568944844124701,2.7211509715994024,880.0,308.0,0.35,0.04772727272727273,791.0,248.0,0.31352718078381797,-0.0632111251580278,1671.0,0.3327348892878516,1671.0,0.3327348892878516,,,1120.0,0.004464285714285714,551.0,1.0,,,,,1671.0,0.3327348892878516,,,,,,,,
M5@M15,wick_touch,any,any,any,both,market,zone,fixed_rr,2.0,1.5,none,20,same,london_ny_overlap,until_broken,999,0,any,any,any,any,any,any,any,any,own,any,none,20,24,close,222820,9741,1059,1059,360,699,0.33994334277620397,356,703,40355.93571428362,38.10758802104214,-343.8250000000153,1887.5935430543636,1677.8903075396781,-806.4157010014312,24295.10714285716,-9793.671428571452,16.999999999999954,0.01605288007554292,-1.0,1.4177937215612846,1.988888888888889,-1.0,2.0,-1.0,0.011322436988834578,0.0,0.3684579169304563,0.3541666666666657,55415.79999999967,48.0,1.071593116973768,38.10758802104226,0.016052880075542952,604040.5107142841,563684.5750000004,8,19,3.434922883223167,4.778935185185185,2.7427277062470194,550.0,185.0,0.33636363636363636,0.007272727272727189,509.0,175.0,0.343811394891945,0.025540275049115914,1059.0,0.33994334277620397,1059.0,0.33994334277620397,,,703.0,0.005689900426742532,356.0,1.0,,,,,1059.0,0.33994334277620397,,,,,,,,
M5@M15,wick_touch,any,any,any,both,market,zone,fixed_rr,2.0,1.5,none,20,same,no_asian,until_broken,999,0,any,any,any,any,any,any,any,any,own,any,none,20,24,close,222820,33538,2227,2227,716,1511,0.3215087561742254,714,1513,-36099.096428571844,-16.209742446597147,-366.8500000000222,2032.0552123679167,1854.4602005187537,-902.6423560555919,23798.285714285703,-19541.857142857134,-81.0,-0.03637180062864841,-1.0,1.4004962995532975,1.9972067039106145,-1.0,2.0,-1.0,-0.0259706510043972,0.0,-1.2255836108441658,-0.5547945205479452,92689.40714285737,146.0,0.97353230274248,-16.209742446597147,-0.03637180062864842,1327793.5035714277,1363892.5999999994,6,15,5.402596916629247,7.460428305400373,4.4274762850209575,1241.0,430.0,0.34649476228847703,0.038678485092667206,986.0,286.0,0.29006085192697767,-0.1308316430020284,2227.0,0.3215087561742254,2227.0,0.3215087561742254,,,1513.0,0.0013218770654329147,714.0,1.0,,,,,2227.0,0.3215087561742254,,,,,,,,
H1@D1,wick_touch,any,any,any,both,market,zone,fixed_rr,2.0,1.5,none,20,same,london,until_broken,999,0,any,any,any,any,any,any,any,any,own,any,none,20,24,close,69416,2986,169,169,58,111,0.3431952662721893,57,111,88611.29999999973,524.3272189349096,-1371.767857142845,7461.294565955756,7668.11256157635,-3208.4615186615188,45943.999999999956,-25528.785714285732,3.8861454698627442,0.022994943608655286,-1.0,1.4219702379885246,1.9807956115493577,-1.0,2.0,-1.0,0.01617118487738761,0.0,0.2102254034060389,0.12144204593321076,68444.26428571428,32.0,1.2488108382652587,524.3272189349095,0.022994943608655283,444750.5285714283,356139.22857142857,7,13,385.9881656804734,578.6551724137931,285.31531531531533,74.0,31.0,0.4189189189189189,0.25675675675675674,95.0,27.0,0.28421052631578947,-0.15909320558039217,169.0,0.3431952662721893,169.0,0.3431952662721893,,,111.0,0.0,57.0,1.0,1.0,1.0,,,,,169.0,0.3431952662721893,,,,,,
H1@D1,wick_touch,any,any,any,both,market,zone,fixed_rr,2.0,1.5,none,20,same,london_ny_overlap,until_broken,999,0,any,any,any,any,any,any,any,any,own,any,none,20,24,close,69416,1457,148,148,53,95,0.3581081081081081,52,95,-69510.97857142868,-469.6687741312749,-1573.7142857142999,7505.845347431055,6068.526819407009,-4117.293684210526,15722.235714285716,-61332.39999999996,9.138992172545267,0.061749947111792346,-1.0,1.4344047250490313,1.964886644765005,-1.0,2.0,-1.0,0.043049179937469595,0.0,0.5237158773674118,0.48099958802869824,137831.0178571429,19.0,0.8222875103410325,-469.66877413127395,0.06174994711179238,321631.92142857146,391142.9,5,10,409.5067567567568,555.7358490566038,327.9263157894737,65.0,28.0,0.4307692307692308,0.2636768026545425,83.0,25.0,0.30120481927710846,-0.0963855421686747,148.0,0.3581081081081081,148.0,0.3581081081081081,,,95.0,0.0,52.0,1.0,1.0,1.0,,,,,148.0,0.3581081081081081,,,,,,
H1@D1,wick_touch,any,any,any,both,market,zone,fixed_rr,2.0,1.5,none,20,same,no_asian,until_broken,999,0,any,any,any,any,any,any,any,any,own,any,none,20,24,close,69416,5555,198,198,69,129,0.3484848484848485,68,129,27040.471428571327,136.56803751803702,-1182.5999999999908,6845.493731045836,6501.904347826085,-3268.1467331118497,45943.999999999956,-25528.785714285732,7.886145469862744,0.03982901752455931,-1.0,1.4275589835843476,1.9838571807226486,-1.0,2.0,-1.0,0.027900085378297787,0.0,0.3925890004763615,0.3943072734931372,115982.61428571417,20.0,1.0641391206404713,136.56803751803682,0.039829017524559474,448631.39999999985,421590.92857142864,6,11,345.32323232323233,465.04347826086956,281.28682170542635,86.0,35.0,0.4069767441860465,0.22093023255813954,112.0,34.0,0.30357142857142855,-0.09923084401908265,198.0,0.3484848484848485,198.0,0.3484848484848485,,,129.0,0.0,68.0,1.0,1.0,1.0,,,,,198.0,0.3484848484848485,,,,,,
H1@H4,wick_touch,with_daily,any,any,both,market,zone,fixed_rr,2.0,1.5,none,20,same,any,first_touch,999,0,any,any,any,any,any,any,any,any,own,any,none,20,24,close,102673,5332,703,703,233,470,0.3314366998577525,232,470,19209.5428571428,27.32509652509644,-713.4249999999838,3452.746679169815,3485.3393010423047,-1686.9670516717324,18954.928571428536,-15794.303571428554,-5.688360850832975,-0.008091551708155018,-1.0,1.4112142895652402,1.9927538160908456,-1.0,2.000000000000029,-1.0,-0.005733751258037376,0.0,-0.15202552467529512,-0.1458554064316147,86625.11428571468,39.00000000000001,1.0242277214250584,27.325096525096342,-0.00809155170815501,812084.057142857,792874.5142857142,4,14,152.27311522048365,196.90987124463518,130.14468085106384,393.0,153.0,0.3893129770992366,0.16364284770780413,310.0,80.0,0.25806451612903225,-0.22580645161290322,703.0,0.3314366998577525,703.0,0.3314366998577525,703.0,0.3314366998577525,470.0,0.0,232.0,1.0,1.0,1.0,,,,,,,,,,,,
M15@H4,wick_touch,with_daily,any,any,both,market,zone,fixed_rr,2.0,1.5,none,20,same,any,first_touch,999,0,any,any,any,any,any,any,any,any,own,any,none,20,24,close,118270,4170,375,375,126,249,0.336,125,249,71565.13928571381,190.84037142857017,-833.1964285714321,4674.747719653035,4365.038945578227,-1921.404690189329,48734.34285714284,-18690.403571428487,1.3232716211084354,0.003528724322955834,-1.0,1.415252887475844,1.986692631913559,-1.0,2.0000000000000164,-1.0,0.0024933524984707463,0.0,0.048283563514009274,0.05513631754618481,41049.40714285725,24.0,1.1495833748101618,190.84037142857005,0.003528724322955923,549994.9071428566,478429.7678571429,5,13,45.02,60.01984126984127,37.429718875502004,215.0,84.0,0.39069767441860465,0.16429428660980666,160.0,42.0,0.2625,-0.2125,375.0,0.336,375.0,0.336,375.0,0.336,249.0,0.0,125.0,1.0,1.0,1.0,,,,,,,,,,,,
M15@H1,wick_touch,with_daily,any,any,both,market,zone,fixed_rr,2.0,1.5,none,20,same,any,first_touch,999,0,any,any,any,any,any,any,any,any,own,any,none,20,24,close,173461,11645,1230,1230,395,835,0.32113821138211385,390,839,-74462.21071428635,-60.53838269454175,-471.1142857142818,2624.1488352471956,2315.7390415913196,-1184.6456672369552,30802.278571428724,-29551.014285714336,-50.20424070861349,-0.04081645586066138,-1.0,1.3967252393958083,1.9868247070668013,-1.0,2.0,-1.0,-0.02922296720170794,0.0,-1.0248890812418097,-0.5640925922316121,91756.82499999949,89.00000000000001,0.9247232292972265,-60.538382694541724,-0.040816455860661294,914716.9214285712,989179.1321428576,6,16,16.864837398373982,22.218987341772152,14.332035928143712,687.0,238.0,0.34643377001455605,0.03318160013302258,543.0,157.0,0.289134438305709,-0.13443830570902393,1230.0,0.32113821138211385,1230.0,0.32113821138211385,,,839.0,0.004767580452920143,390.0,1.0,1.0,1.0,1230.0,0.32113821138211385,,,,,,,,,,
M5@H1,wick_touch,with_daily,any,any,both,market,zone,fixed_rr,2.0,1.5,none,20,same,any,first_touch,999,0,any,any,any,any,any,any,any,any,own,any,none,20,24,close,156071,7588,546,546,187,359,0.3424908424908425,187,359,-23456.589285713657,-42.9607862375708,-712.1464285714183,3557.135717577178,3303.3346829640977,-1786.0172005571028,26857.37857142867,-28820.932142857146,15.0,0.027472527472527472,-1.0,1.4249338707256287,2.0,-1.0,2.0,-1.0,0.019279861358434444,0.0,0.4505056353523757,0.6818181818181818,103723.86071428601,22.0,0.9634165399987397,-42.9607862375708,0.027472527472527486,617723.5857142863,641180.1749999999,6,13,14.757783882783883,20.369875222816397,11.834493964716804,343.0,125.0,0.36443148688046645,0.09329446064139942,203.0,62.0,0.3054187192118227,-0.08374384236453201,546.0,0.3424908424908425,546.0,0.3424908424908425,,,359.0,0.0,187.0,1.0,,,546.0,0.3424908424908425,,,,,,,,,,
M5@M15,wick_touch,with_daily,any,any,both,market,zone,fixed_rr,2.0,1.5,none,20,same,any,first_touch,999,0,any,any,any,any,any,any,any,any,own,any,none,20,24,close,222820,18219,1521,1521,541,980,0.3556870479947403,537,983,54589.57142857202,35.89057950596451,-377.5714285714457,2031.255757099969,1879.9899062582517,-982.1275182215737,12404.2928571429,-19541.857142857134,97.03988548406822,0.0638000562025432,-1.0,1.4338048481465202,1.9908315813014201,-1.0,2.0,-1.0,0.04449702920520707,0.0,1.7353841390030755,2.6226996076775193,107778.21428571286,37.0,1.0567173236482945,35.89057950596441,0.06380005620254325,1017074.5392857142,962484.9678571422,7,14,5.996767477536709,7.933918669131239,4.927380952380952,948.0,358.0,0.37763713080168776,0.12873405641779348,573.0,183.0,0.3193717277486911,-0.04363001745200698,1521.0,0.3556870479947403,1521.0,0.3556870479947403,,,983.0,0.003051881993896236,537.0,1.0,1.0,1.0,,,1521.0,0.3556870479947403,,,,,,,,
H1@D1,wick_touch,with_daily,any,any,both,market,zone,fixed_rr,2.0,1.5,none,20,same,any,first_touch,999,0,any,any,any,any,any,any,any,any,own,any,none,20,24,close,69416,2438,140,140,57,83,0.40714285714285714,56,83,31756.232142857574,226.8302295918398,-1195.4892857142909,8526.906445964403,6546.8588972431135,-4113.430421686747,32041.007142857234,-61723.23571428578,29.07419402325924,0.2076728144518517,-1.0,1.4714735556023788,1.9662139302326183,-1.0,2.0,-1.0,0.14113254951893203,0.0,1.6699028458925185,2.6431085475690215,95943.15357142838,11.0,1.0930136570496702,226.83022959183927,0.2076728144518517,373170.9571428575,341414.725,9,10,463.6642857142857,630.280701754386,349.2409638554217,64.0,31.0,0.484375,0.4230342816134256,76.0,26.0,0.34210526315789475,0.02631578947368421,140.0,0.40714285714285714,140.0,0.40714285714285714,,,83.0,0.0,56.0,1.0,1.0,1.0,,,,,140.0,0.40714285714285714,,,,,,
H1@H4,wick_touch,any,any,any,both,market,zone,fixed_rr,2.0,1.5,require_htf_signal,5,same,any,until_broken,999,0,any,any,any,any,any,any,any,any,own,any,none,20,24,close,102673,11790,791,791,246,545,0.3109987357774968,245,545,40067.38571428588,50.65409066281401,-638.7571428571391,3789.014119958202,3436.086875725899,-1477.4495150720832,42483.29999999987,-19955.474999999933,-54.68836085083299,-0.06913825644858786,-1.0,1.387701889083027,1.993136744508809,-1.0,2.0,-1.0,-0.04982212461660148,0.0,-1.4012334152945127,-0.6836045106354124,128763.58571428581,80.0,1.0497601699247967,50.654090662813815,-0.06913825644858784,845277.3714285712,805209.9857142853,5,16,91.36788874841972,134.97560975609755,71.68440366972477,380.0,132.0,0.3473684210526316,0.0376622082872816,411.0,114.0,0.2773722627737226,-0.1678832116788321,791.0,0.3109987357774968,791.0,0.3109987357774968,791.0,0.3109987357774968,545.0,0.0,245.0,1.0,1.0,1.0,,,,,,,,,,,,
H1@H4,wick_touch,any,any,any,both,market,zone,fixed_rr,2.0,1.5,require_htf_signal,10,same,any,until_broken,999,0,any,any,any,any,any,any,any,any,own,any,none,20,24,close,102673,12047,806,806,248,558,0.3076923076923077,247,558,19468.046428571324,24.15390375753266,-644.0803571428432,3759.8956360890593,3413.4090437788,-1482.1817140296973,42483.29999999987,-19955.474999999933,-63.68836085083299,-0.07901781743279528,-1.0,1.3836061460240459,1.9931920933434155,-1.0,2.0,-1.0,-0.05711005090564408,0.0,-1.6213622911129018,-0.7237313733049203,132200.61071428593,88.0,1.0235389303241091,24.153903757532817,-0.07901781743279512,846525.4428571424,827057.3964285711,5,16,91.1029776674938,134.91129032258064,71.6326164874552,388.0,132.0,0.3402061855670103,0.016267111209193316,418.0,116.0,0.27751196172248804,-0.1674641148325359,806.0,0.3076923076923077,806.0,0.3076923076923077,806.0,0.3076923076923077,558.0,0.0,247.0,1.0,1.0,1.0,,,,,,,,,,,,
H1@H4,wick_touch,any,any,any,both,market,zone,fixed_rr,2.0,1.5,require_htf_signal,20,same,any,until_broken,999,0,any,any,any,any,any,any,any,any,own,any,none,20,24,close,102673,12433,801,801,249,552,0.31086142322097376,248,552,-9130.94999999988,-11.399438202247042,-617.3392857142971,3306.5511664938913,3158.961847389558,-1441.5080615942024,24125.785714285666,-38461.13928571421,-55.68836085083299,-0.06952354663025342,-1.0,1.3875452544903346,1.9932194343340042,-1.0,2.0,-1.0,-0.05010542640340075,0.0,-1.4180809419100004,-0.7049159601371265,107181.10714285728,79.0,0.9885248119468285,-11.399438202247097,-0.0695235466302534,786581.4999999999,795712.4499999997,5,19,92.82646691635456,135.75100401606426,73.46376811594203,384.0,131.0,0.3411458333333333,0.01904072695095575,417.0,118.0,0.2829736211031175,-0.1510791366906475,801.0,0.31086142322097376,801.0,0.31086142322097376,801.0,0.31086142322097376,552.0,0.0,248.0,1.0,1.0,1.0,,,,,,,,,,,,
H1@H4,wick_touch,any,any,any,both,market,zone,fixed_rr,2.0,1.5,require_htf_signal,50,same,any,until_broken,999,0,any,any,any,any,any,any,any,any,own,any,none,20,24,close,102673,13115,833,833,261,572,0.3133253301320528,261,572,10322.689285714067,12.392184016463466,-599.7964285714261,3412.6279843084435,3224.1701423097966,-1453.121884365634,27982.521428571454,-38461.13928571421,-50.000000000000014,-0.060024009603841556,-1.0,1.3923722491460668,2.0,-1.0,2.0,-1.0,-0.043109168285028594,0.0,-1.2442055799018987,-0.6410256410256411,102670.62500000026,78.00000000000001,1.0124192332278361,12.392184016463716,-0.060024009603841466,841508.4071428569,831185.7178571427,5,20,94.72268907563026,138.87739463601534,74.57517482517483,404.0,142.0,0.35148514851485146,0.05445544554455442,429.0,119.0,0.2773892773892774,-0.16783216783216784,833.0,0.3133253301320528,833.0,0.3133253301320528,833.0,0.3133253301320528,572.0,0.0,261.0,1.0,,,,,,,,,,,,,,
H1@H4,wick_touch,any,any,any,both,market,zone,fixed_rr,2.0,1.5,require_confluence_2,20,same,any,until_broken,999,0,any,any,any,any,any,any,any,any,own,any,none,20,24,close,102673,0,0,0,0,0,0.0,0,0,0.0,0.0,0.0,0.0,0.0,0.0,0.0,0.0,0.0,0.0,0.0,0.0,0.0,0.0,0.0,0.0,0.0,0.0,0.0,0.0,0.0,0.0,0.0,0.0,0.0,0.0,0.0,0,0,0.0,0.0,0.0,,,,,,,,,,,,,,,,,,,,,,,,,,,,,,,,
M15@H4,wick_touch,any,any,any,both,market,zone,fixed_rr,2.0,1.5,require_htf_signal,5,same,any,until_broken,999,0,any,any,any,any,any,any,any,any,own,any,none,20,24,close,118270,8119,403,403,117,286,0.2903225806451613,116,286,-22977.925000000483,-57.01718362282998,-918.9821428571349,4586.609279715041,4155.263980463976,-1780.223114385614,48734.34285714284,-19193.52142857133,-53.676728378891575,-0.1331928743893091,-1.0,1.3594657521777873,1.9856689882146017,-1.0,2.00000000000001,-1.0,-0.09797442427361017,0.0,-1.96682284106459,-0.9097750572693487,98799.59642857163,59.0,0.9548694798670647,-57.01718362282986,-0.13319287438930916,486165.8857142852,509143.81071428565,4,15,54.821339950372206,75.86538461538461,46.21241258741259,199.0,68.0,0.3417085427135678,0.01669985739250468,204.0,49.0,0.24019607843137256,-0.27941176470588236,403.0,0.2903225806451613,403.0,0.2903225806451613,403.0,0.2903225806451613,286.0,0.0,116.0,1.0,1.0,1.0,,,,,,,,,,,,
M15@H4,wick_touch,any,any,any,both,market,zone,fixed_rr,2.0,1.5,require_htf_signal,10,same,any,until_broken,999,0,any,any,any,any,any,any,any,any,own,any,none,20,24,close,118270,8227,409,409,120,289,0.293398533007335,119,289,-16768.87857142899,-40.99970310862834,-901.0607142856998,4567.565399264339,4131.269940476186,-1773.4300049431533,48734.34285714284,-19193.52142857133,-50.676728378891575,-0.12390398136648305,-1.0,1.363769157170528,1.9860272635092369,-1.0,2.00000000000001,-1.0,-0.09085407212431179,0.0,-1.8374098972254358,-0.9049415781944924,92590.55000000016,56.0,0.9672815949186101,-40.99970310862818,-0.12390398136648306,495752.3928571423,512521.2714285713,4,16,54.970048899755504,76.05416666666666,46.215397923875436,206.0,71.0,0.3446601941747573,0.025841124374312775,203.0,49.0,0.2413793103448276,-0.27586206896551724,409.0,0.293398533007335,409.0,0.293398533007335,409.0,0.293398533007335,289.0,0.0,119.0,1.0,1.0,1.0,,,,,,,,,,,,
M15@H4,wick_touch,any,any,any,both,market,zone,fixed_rr,2.0,1.5,require_htf_signal,20,same,any,until_broken,999,0,any,any,any,any,any,any,any,any,own,any,none,20,24,close,118270,8345,407,407,121,286,0.2972972972972973,120,286,400.8178571425269,0.9848104598096484,-849.4142857142833,4625.904747945529,4226.530873671779,-1786.746216283716,48734.34285714284,-19193.52142857133,-45.67672837889158,-0.11222783385477045,-1.0,1.3690620141774952,1.9861427406703174,-1.0,2.00000000000001,-1.0,-0.08197425148939996,0.0,-1.6537683054919419,-0.8956221250763055,90799.90357142869,51.00000000000001,1.0007843649121446,0.9848104598097507,-0.11222783385477042,511410.2357142853,511009.41785714275,4,17,56.274570024570025,79.92561983471074,46.26835664335665,209.0,73.0,0.3492822966507177,0.039824266129705375,198.0,48.0,0.24242424242424243,-0.2727272727272727,407.0,0.2972972972972973,407.0,0.2972972972972973,407.0,0.2972972972972973,286.0,0.0,120.0,1.0,1.0,1.0,,,,,,,,,,,,
M15@H4,wick_touch,any,any,any,both,market,zone,fixed_rr,2.0,1.5,require_htf_signal,50,same,any,until_broken,999,0,any,any,any,any,any,any,any,any,own,any,none,20,24,close,118270,8608,412,412,122,290,0.2961165048543689,121,290,-61892.32142857153,-150.22408113730953,-849.2124999999987,3477.9262814645836,3313.050234192037,-1607.18775862069,17678.928571428514,-35771.27857142859,-47.67672837889158,-0.11572021451187275,-1.0,1.3674948620833254,1.9862563247631837,-1.0,2.00000000000001,-1.0,-0.08462204701491712,0.0,-1.717639958341059,-0.8995609128092753,80046.8035714286,52.99999999999999,0.8672079245969876,-150.22408113730978,-0.11572021451187287,404192.1285714285,466084.45000000007,4,17,56.845873786407765,73.16598360655738,49.980172413793106,205.0,72.0,0.35121951219512193,0.0454793737615045,207.0,50.0,0.24154589371980675,-0.2753623188405797,412.0,0.2961165048543689,412.0,0.2961165048543689,412.0,0.2961165048543689,290.0,0.0,121.0,1.0,1.0,1.0,,,,,,,,,,,,
M15@H4,wick_touch,any,any,any,both,market,zone,fixed_rr,2.0,1.5,require_confluence_2,20,same,any,until_broken,999,0,any,any,any,any,any,any,any,any,own,any,none,20,24,close,118270,0,0,0,0,0,0.0,0,0,0.0,0.0,0.0,0.0,0.0,0.0,0.0,0.0,0.0,0.0,0.0,0.0,0.0,0.0,0.0,0.0,0.0,0.0,0.0,0.0,0.0,0.0,0.0,0.0,0.0,0.0,0.0,0,0,0.0,0.0,0.0,,,,,,,,,,,,,,,,,,,,,,,,,,,,,,,,
M15@H1,wick_touch,any,any,any,both,market,zone,fixed_rr,2.0,1.5,require_htf_signal,5,same,any,until_broken,999,0,any,any,any,any,any,any,any,any,own,any,none,20,24,close,173461,26005,1491,1491,458,1033,0.3071763916834339,451,1039,-123454.13571428703,-82.79955446967607,-458.93571428573523,2602.277029543387,2184.543512164688,-1088.0687940810396,45086.578571428436,-22327.3964285715,-124.2042407086135,-0.08330264299705802,-1.0,1.3789614541987791,1.9842702167934203,-1.0,2.0,-1.0,-0.06040969654620225,0.0,-2.3326279541056523,-0.926897318720996,161290.86428571527,134.00000000000003,0.890162922971301,-82.79955446967608,-0.08330264299705803,1000520.928571427,1123975.064285714,5,17,19.425888665325285,26.530021834061134,16.276137463697967,751.0,253.0,0.33688415446071907,0.003722715434602519,740.0,205.0,0.27702702702702703,-0.17162162162162162,1491.0,0.3071763916834339,1491.0,0.3071763916834339,,,1039.0,0.005774783445620789,451.0,1.0,1.0,1.0,1491.0,0.3071763916834339,,,,,,,,,,
M15@H1,wick_touch,any,any,any,both,market,zone,fixed_rr,2.0,1.5,require_htf_signal,10,same,any,until_broken,999,0,any,any,any,any,any,any,any,any,own,any,none,20,24,close,173461,26556,1523,1523,475,1048,0.3118844386080105,468,1054,-97098.44642857263,-63.75472516649549,-454.6785714285761,2561.759383570352,2157.4909924812005,-1070.5216296346782,45086.578571428436,-22327.3964285715,-105.2042407086135,-0.06907698011071144,-1.0,1.3849591049828605,1.9848331774555505,-1.0,2.0,-1.0,-0.04987654860145946,0.0,-1.9464638611851177,-0.862329841873881,140424.58928571516,122.00000000000003,0.9134522958010117,-63.754725166495405,-0.0690769801107114,1024808.2214285702,1121906.6678571429,5,14,19.207649376231124,26.17,16.052003816793892,776.0,266.0,0.3427835051546392,0.021644019705394958,747.0,209.0,0.2797858099062918,-0.16331994645247658,1523.0,0.3118844386080105,1523.0,0.3118844386080105,,,1054.0,0.0056925996204933585,468.0,1.0,1.0,1.0,1523.0,0.3118844386080105,,,,,,,,,,
M15@H1,wick_touch,any,any,any,both,market,zone,fixed_rr,2.0,1.5,require_htf_signal,20,same,any,until_broken,999,0,any,any,any,any,any,any,any,any,own,any,none,20,24,close,173461,27158,1479,1479,461,1018,0.3116970926301555,454,1024,-87222.47857142914,-58.97395440935033,-459.25357142859866,2549.6296239161948,2191.8855128602395,-1078.2727897838897,45086.578571428436,-22327.3964285715,-103.54430614974909,-0.07000967285310959,-1.0,1.384467908489963,1.9836349107380713,-1.0,2.0,-1.0,-0.05056792752203916,0.0,-1.9447296777804235,-0.8487238208995825,133685.03214285776,122.00000000000003,0.9205393707743972,-58.973954409350654,-0.07000967285310977,1010459.2214285703,1097681.6999999997,5,14,20.243238674780258,28.099783080260302,16.68541257367387,760.0,263.0,0.3460526315789474,0.03086275506611961,719.0,198.0,0.2753824756606398,-0.17663421418636996,1479.0,0.3116970926301555,1479.0,0.3116970926301555,,,1024.0,0.005859375,454.0,1.0,1.0,1.0,1479.0,0.3116970926301555,,,,,,,,,,
M15@H1,wick_touch,any,any,any,both,market,zone,fixed_rr,2.0,1.5,require_htf_signal,50,same,any,until_broken,999,0,any,any,any,any,any,any,any,any,own,any,none,20,24,close,173461,28400,1517,1517,475,1042,0.3131179960448253,469,1047,-63055.54999999989,-41.565952537903684,-458.2892857142724,2553.000538825034,2220.1804887218036,-1072.59240128873,45086.578571428436,-22327.3964285715,-98.54430614974908,-0.06495999086997302,-1.0,1.3870885540462377,1.9862225133689495,-1.0,2.0,-1.0,-0.04683189885784871,0.0,-1.8240408385527989,-0.7580331242288391,118638.76785714302,130.0,0.9435815847110594,-41.56595253790351,-0.06495999086997284,1054585.7321428568,1117641.2821428566,6,15,20.23269611074489,28.67684210526316,16.383397312859884,778.0,271.0,0.34832904884318766,0.0391461360543071,739.0,204.0,0.27604871447902574,-0.17456021650879566,1517.0,0.3131179960448253,1517.0,0.3131179960448253,,,1047.0,0.004775549188156638,469.0,1.0,1.0,1.0,1517.0,0.3131179960448253,,,,,,,,,,
M15@H1,wick_touch,any,any,any,both,market,zone,fixed_rr,2.0,1.5,require_confluence_2,20,same,any,until_broken,999,0,any,any,any,any,any,any,any,any,own,any,none,20,24,close,173461,24427,1389,1389,460,929,0.33117350611951046,453,935,22579.00714285572,16.255584696080433,-431.4535714285739,2616.037747560124,2230.2042701863325,-1079.9945717361218,45086.578571428436,-22327.3964285715,-16.544306149749083,-0.011910947552015176,-1.0,1.4068099601812156,1.9835993344570673,-1.0,2.0,-1.0,-0.008466635785320208,0.0,-0.31554550700816,-0.280411968639815,91552.12857142897,59.0,1.0225044060014357,16.255584696080632,-0.01191094755201505,1025893.9642857129,1003314.9571428571,6,14,20.286537077033838,28.252173913043478,16.342303552206673,723.0,257.0,0.355463347164592,0.05872156825760846,666.0,203.0,0.3048048048048048,-0.08858858858858859,1389.0,0.33117350611951046,1389.0,0.33117350611951046,,,935.0,0.006417112299465241,453.0,1.0,1.0,1.0,1389.0,0.33117350611951046,,,,,,,,,,
M5@H1,wick_touch,any,any,any,both,market,zone,fixed_rr,2.0,1.5,require_htf_signal,5,same,any,until_broken,999,0,any,any,any,any,any,any,any,any,own,any,none,20,24,close,156071,13743,702,702,218,484,0.31054131054131057,218,484,-111202.88214285801,-158.40866402116527,-667.8107142856788,3582.404366995272,3102.608027522936,-1627.2137027745,44411.685714285704,-22174.73928571435,-47.99999999999999,-0.06837606837606837,-1.0,1.3891355231716755,2.0,-1.0,2.0000000000000075,-1.0,-0.049222028546179616,0.0,-1.3041515564262638,-0.75,130786.52857142975,63.99999999999999,0.8588027985724515,-158.4086640211649,-0.06837606837606824,676368.55,787571.432142858,5,15,14.521367521367521,19.6697247706422,12.202479338842975,341.0,117.0,0.34310850439882695,0.02932551319648096,361.0,101.0,0.27977839335180055,-0.16066481994459833,702.0,0.31054131054131057,702.0,0.31054131054131057,,,484.0,0.0,218.0,1.0,,,702.0,0.31054131054131057,,,,,,,,,,
M5@H1,wick_touch,any,any,any,both,market,zone,fixed_rr,2.0,1.5,require_htf_signal,10,same,any,until_broken,999,0,any,any,any,any,any,any,any,any,own,any,none,20,24,close,156071,14755,717,717,220,497,0.3068340306834031,220,497,-132046.43571428693,-184.1651823072342,-673.5499999999774,3546.8330777694086,3076.2678896103885,-1627.4152342627212,44411.685714285704,-22174.73928571435,-56.99999999999999,-0.07949790794979078,-1.0,1.3845055483721511,2.0,-1.0,2.0000000000000075,-1.0,-0.05741971062756765,0.0,-1.537519304546429,-0.826086956521739,148671.4678571443,69.0,0.8367429603734333,-184.1651823072341,-0.07949790794979072,676778.9357142855,808825.3714285725,5,14,14.40853091585309,19.79659090909091,12.023474178403756,352.0,117.0,0.33238636363636365,-0.0028409090909090706,365.0,103.0,0.2821917808219178,-0.15342465753424658,717.0,0.3068340306834031,717.0,0.3068340306834031,,,497.0,0.0,220.0,1.0,,,717.0,0.3068340306834031,,,,,,,,,,
M5@H1,wick_touch,any,any,any,both,market,zone,fixed_rr,2.0,1.5,require_htf_signal,20,same,any,until_broken,999,0,any,any,any,any,any,any,any,any,own,any,none,20,24,close,156071,15108,722,722,222,500,0.3074792243767313,222,500,-140934.23928571603,-195.19977740403883,-673.3464285714263,3556.430252635493,3058.9065958815936,-1640.02300714286,44411.685714285704,-22174.73928571435,-55.99999999999999,-0.07756232686980609,-1.0,1.3853085446187596,2.0,-1.0,2.0000000000000075,-1.0,-0.05598920700453157,0.0,-1.5044332219541414,-0.8235294117647057,157043.4964285734,68.0,0.8281313875818821,-195.1997774040392,-0.07756232686980613,679077.2642857138,820011.50357143,5,14,14.49815327793167,20.060435435435437,12.0285,354.0,119.0,0.3361581920903955,0.008474576271186461,368.0,103.0,0.2798913043478261,-0.16032608695652173,722.0,0.3074792243767313,722.0,0.3074792243767313,,,500.0,0.0,222.0,1.0,,,722.0,0.3074792243767313,,,,,,,,,,
M5@H1,wick_touch,any,any,any,both,market,zone,fixed_rr,2.0,1.5,require_htf_signal,50,same,any,until_broken,999,0,any,any,any,any,any,any,any,any,own,any,none,20,24,close,156071,15628,724,724,226,498,0.31215469613259667,226,498,-103155.66785714483,-142.48020422257574,-664.1124999999874,3560.201035890849,3015.41340075853,-1575.5805149168123,46917.23571428574,-22174.73928571435,-46.0,-0.06353591160220995,-1.0,1.3910787420134565,2.0,-1.0,2.0,-1.0,-0.045673842668494564,0.0,-1.2289574160942394,-0.7931034482758621,150446.79642857326,58.0,0.8685310631006323,-142.4802042225757,-0.06353591160220995,681483.4285714277,784639.0964285725,5,14,14.89732965009208,20.847345132743364,12.197121820615797,352.0,121.0,0.34375,0.03125,372.0,105.0,0.28225806451612906,-0.1532258064516129,724.0,0.31215469613259667,724.0,0.31215469613259667,,,498.0,0.0,226.0,1.0,,,724.0,0.31215469613259667,,,,,,,,,,
M5@H1,wick_touch,any,any,any,both,market,zone,fixed_rr,2.0,1.5,require_confluence_2,20,same,any,until_broken,999,0,any,any,any,any,any,any,any,any,own,any,none,20,24,close,156071,13032,651,651,199,452,0.30568356374807987,199,452,-97506.38214285756,-149.77938885231578,-652.4249999999483,3565.152728169333,3128.7031227566413,-1593.1820875474098,44411.685714285704,-22174.73928571435,-53.99999999999999,-0.08294930875576036,-1.0,1.383151772820761,2.0,-1.0,2.0000000000000075,-1.0,-0.059971226864421294,0.0,-1.5301479606911057,-0.7826086956521738,110983.4857142864,69.0,0.8645967174292413,-149.77938885231583,-0.08294930875576034,622611.9214285716,720118.3035714292,6,15,14.993727598566307,19.92546063651591,12.82245575221239,328.0,112.0,0.34146341463414637,0.024390243902439046,323.0,87.0,0.2693498452012384,-0.19195046439628483,651.0,0.30568356374807987,651.0,0.30568356374807987,,,452.0,0.0,199.0,1.0,,,651.0,0.30568356374807987,,,,,,,,,,
M5@M15,wick_touch,any,any,any,both,market,zone,fixed_rr,2.0,1.5,require_htf_signal,5,same,any,until_broken,999,0,any,any,any,any,any,any,any,any,own,any,none,20,24,close,222820,36974,2268,2268,709,1559,0.31261022927689597,706,1562,-198651.3214285717,-87.58876606198048,-350.8285714285421,1935.689954957929,1730.3475821075956,-914.3475029780996,23798.285714285703,-16614.121428571434,-144.0,-0.06349206349206349,-1.0,1.3894900009223001,1.995768688293371,-1.0,2.0,-1.0,-0.04569450910040334,0.0,-2.1761335324952102,-0.8181818181818182,208812.90000000002,176.0,0.8606413084875806,-87.58876606198044,-0.06349206349206338,1226816.4357142854,1425467.7571428572,6,17,5.182723398001175,7.148095909732017,4.2889138336540515,1171.0,386.0,0.3296327924850555,-0.012809564474807857,1097.0,323.0,0.2944393801276208,-0.11759343664539654,2268.0,0.31261022927689597,2268.0,0.31261022927689597,,,1562.0,0.0019206145966709346,706.0,1.0,,,,,2268.0,0.31261022927689597,,,,,,,,
M5@M15,wick_touch,any,any,any,both,market,zone,fixed_rr,2.0,1.5,require_htf_signal,10,same,any,until_broken,999,0,any,any,any,any,any,any,any,any,own,any,none,20,24,close,222820,38420,2255,2255,699,1556,0.3099778270509978,696,1559,-209378.2535714283,-92.85066677225201,-359.9999999999909,1962.844478953315,1764.2051910893103,-927.0936260558202,23798.285714285703,-16614.121428571434,-161.0,-0.07139689578713969,-1.0,1.3862528728223735,1.9957081545064377,-1.0,2.0,-1.0,-0.05150351511393266,0.0,-2.4457391961941504,-0.8429319371727748,220619.2678571425,191.0,0.8548562347535343,-92.85066677225188,-0.07139689578713959,1233179.428571428,1442557.6821428563,6,17,5.302512934220251,7.391034811635669,4.364288774635818,1168.0,387.0,0.3313356164383562,-0.007705479452054794,1087.0,312.0,0.28702851885924563,-0.13983440662373506,2255.0,0.3099778270509978,2255.0,0.3099778270509978,,,1559.0,0.001924310455420141,696.0,1.0,,,,,2255.0,0.3099778270509978,,,,,,,,
M5@M15,wick_touch,any,any,any,both,market,zone,fixed_rr,2.0,1.5,require_htf_signal,20,same,any,until_broken,999,0,any,any,any,any,any,any,any,any,own,any,none,20,24,close,222820,39325,2200,2200,684,1516,0.3109090909090909,682,1518,-187548.53928571305,-85.24933603896048,-367.8071428571229,2094.252006291406,1812.335202589808,-941.415447135318,23798.285714285703,-19541.857142857134,-150.0,-0.06818181818181818,-1.0,1.3878857291955127,1.9970760233918128,-1.0,2.0,-1.0,-0.049126391854565535,0.0,-2.3042320257791555,-0.8287292817679558,234023.2749999993,181.0,0.8685885629333752,-85.24933603896056,-0.06818181818181823,1239637.2785714287,1427185.817857142,5,17,5.56594696969697,7.746954191033139,4.5819041336851365,1149.0,385.0,0.33507397737162753,0.004351610095735422,1051.0,299.0,0.2844909609895338,-0.14747859181731685,2200.0,0.3109090909090909,2200.0,0.3109090909090909,,,1518.0,0.0013175230566534915,682.0,1.0,,,,,2200.0,0.3109090909090909,,,,,,,,
M5@M15,wick_touch,any,any,any,both,market,zone,fixed_rr,2.0,1.5,require_htf_signal,50,same,any,until_broken,999,0,any,any,any,any,any,any,any,any,own,any,none,20,24,close,222820,41137,2216,2216,697,1519,0.3145306859205776,695,1521,-154111.0999999985,-69.54472021660582,-378.1607142857183,2109.9882998412795,1853.5998257839728,-951.9882676572926,23798.285714285703,-19541.857142857134,-127.0,-0.057310469314079425,-1.0,1.3922911870779575,1.9971305595408895,-1.0,2.0,-1.0,-0.04116270349621231,0.0,-1.9377099474904569,-0.7341040462427746,213708.81785714187,173.0,0.8934276480604525,-69.54472021660581,-0.05731046931407946,1291959.078571429,1446070.1785714275,6,17,5.682799338146811,8.008010521281683,4.615865701119158,1168.0,396.0,0.339041095890411,0.016267123287671232,1048.0,301.0,0.2872137404580153,-0.13931297709923665,2216.0,0.3145306859205776,2216.0,0.3145306859205776,,,1521.0,0.0013149243918474688,695.0,1.0,,,,,2216.0,0.3145306859205776,,,,,,,,
M5@M15,wick_touch,any,any,any,both,market,zone,fixed_rr,2.0,1.5,require_confluence_2,20,same,any,until_broken,999,0,any,any,any,any,any,any,any,any,own,any,none,20,24,close,222820,37164,2142,2142,678,1464,0.3165266106442577,675,1467,-205587.4107142844,-95.97918334000205,-358.18214285711747,2100.5177565237927,1763.9226295828075,-957.3271540788442,23798.285714285703,-19541.857142857134,-111.0,-0.05182072829131653,-1.0,1.3941306035407663,1.9955752212389382,-1.0,2.0,-1.0,-0.037170641086067525,0.0,-1.7203221642590367,-0.8043478260869565,235723.35357142796,138.0,0.8533118394973439,-95.97918334000212,-0.051820728291316565,1195939.5428571436,1401526.9535714278,5,17,5.588624338624339,7.508849557522124,4.69933970856102,1133.0,381.0,0.33627537511032657,0.00794351279788173,1009.0,297.0,0.2943508424182359,-0.11892963330029732,2142.0,0.3165266106442577,2142.0,0.3165266106442577,,,1467.0,0.002044989775051125,675.0,1.0,,,,,2142.0,0.3165266106442577,,,,,,,,
H1@D1,wick_touch,any,any,any,both,market,zone,fixed_rr,2.0,1.5,require_htf_signal,5,same,any,until_broken,999,0,any,any,any,any,any,any,any,any,own,any,none,20,24,close,69416,0,0,0,0,0,0.0,0,0,0.0,0.0,0.0,0.0,0.0,0.0,0.0,0.0,0.0,0.0,0.0,0.0,0.0,0.0,0.0,0.0,0.0,0.0,0.0,0.0,0.0,0.0,0.0,0.0,0.0,0.0,0.0,0,0,0.0,0.0,0.0,,,,,,,,,,,,,,,,,,,,,,,,,,,,,,,,
H1@D1,wick_touch,any,any,any,both,market,zone,fixed_rr,2.0,1.5,require_htf_signal,10,same,any,until_broken,999,0,any,any,any,any,any,any,any,any,own,any,none,20,24,close,69416,0,0,0,0,0,0.0,0,0,0.0,0.0,0.0,0.0,0.0,0.0,0.0,0.0,0.0,0.0,0.0,0.0,0.0,0.0,0.0,0.0,0.0,0.0,0.0,0.0,0.0,0.0,0.0,0.0,0.0,0.0,0.0,0,0,0.0,0.0,0.0,,,,,,,,,,,,,,,,,,,,,,,,,,,,,,,,
H1@D1,wick_touch,any,any,any,both,market,zone,fixed_rr,2.0,1.5,require_htf_signal,20,same,any,until_broken,999,0,any,any,any,any,any,any,any,any,own,any,none,20,24,close,69416,0,0,0,0,0,0.0,0,0,0.0,0.0,0.0,0.0,0.0,0.0,0.0,0.0,0.0,0.0,0.0,0.0,0.0,0.0,0.0,0.0,0.0,0.0,0.0,0.0,0.0,0.0,0.0,0.0,0.0,0.0,0.0,0,0,0.0,0.0,0.0,,,,,,,,,,,,,,,,,,,,,,,,,,,,,,,,
H1@D1,wick_touch,any,any,any,both,market,zone,fixed_rr,2.0,1.5,require_htf_signal,50,same,any,until_broken,999,0,any,any,any,any,any,any,any,any,own,any,none,20,24,close,69416,0,0,0,0,0,0.0,0,0,0.0,0.0,0.0,0.0,0.0,0.0,0.0,0.0,0.0,0.0,0.0,0.0,0.0,0.0,0.0,0.0,0.0,0.0,0.0,0.0,0.0,0.0,0.0,0.0,0.0,0.0,0.0,0,0,0.0,0.0,0.0,,,,,,,,,,,,,,,,,,,,,,,,,,,,,,,,
H1@D1,wick_touch,any,any,any,both,market,zone,fixed_rr,2.0,1.5,require_confluence_2,20,same,any,until_broken,999,0,any,any,any,any,any,any,any,any,own,any,none,20,24,close,69416,0,0,0,0,0,0.0,0,0,0.0,0.0,0.0,0.0,0.0,0.0,0.0,0.0,0.0,0.0,0.0,0.0,0.0,0.0,0.0,0.0,0.0,0.0,0.0,0.0,0.0,0.0,0.0,0.0,0.0,0.0,0.0,0,0,0.0,0.0,0.0,,,,,,,,,,,,,,,,,,,,,,,,,,,,,,,,
H1@H4,wick_touch,any,any,any,both,market,zone,fixed_rr,2.0,1.5,none,20,same,any,until_broken,0,0,any,any,any,any,any,any,any,any,own,any,none,20,24,close,102673,7991,887,887,290,597,0.3269447576099211,290,597,50256.039285713436,56.65844338862845,-766.6178571428645,3820.4690937456794,3874.7001477832496,-1798.0016810241689,18404.257142857157,-38461.13928571421,-17.000000000000007,-0.019165727170236766,-1.0,1.4080845989288162,2.0,-1.0,2.000000000000005,-1.0,-0.013611204316002651,0.0,-0.405376308089973,-0.2500000000000001,118231.41071428567,68.0,1.0468191833279477,56.65844338862871,-0.01916572717023668,1123663.0428571424,1073407.0035714288,5,12,178.98534385569334,261.8103448275862,138.75209380234506,453.0,169.0,0.3730684326710817,0.11920529801324502,434.0,121.0,0.27880184331797236,-0.16359447004608296,887.0,0.3269447576099211,887.0,0.3269447576099211,887.0,0.3269447576099211,597.0,0.0,290.0,1.0,,,,,,,,,,,,,,
H1@H4,wick_touch,any,any,any,both,market,zone,fixed_rr,2.0,1.5,none,20,same,any,until_broken,3,0,any,any,any,any,any,any,any,any,own,any,none,20,24,close,102673,14303,884,884,285,599,0.3223981900452489,284,599,6099.203571428468,6.899551551389671,-764.873214285717,3992.7803328545087,3995.279774436089,-1890.7437932268065,20603.028571428556,-38461.13928571421,-30.829566805687794,-0.034875075572045014,-1.0,1.401323538748591,1.9935804673484638,-1.0,2.000000000000005,-1.0,-0.02488724024659511,0.0,-0.7399508488738298,-0.4342192507843351,145797.56785714292,71.0,1.005385346147123,6.89955155138955,-0.034875075572045056,1138654.7357142854,1132555.532142857,6,12,187.32466063348417,286.93684210526317,139.92988313856426,471.0,169.0,0.35881104033970274,0.07254869043378388,413.0,116.0,0.28087167070217917,-0.15738498789346247,884.0,0.3223981900452489,884.0,0.3223981900452489,884.0,0.3223981900452489,599.0,0.0,284.0,1.0,1.0,1.0,,,,,,,,,,,,
M15@H4,wick_touch,any,any,any,both,market,zone,fixed_rr,2.0,1.5,none,20,same,any,until_broken,0,0,any,any,any,any,any,any,any,any,own,any,none,20,24,close,118270,6333,438,438,140,298,0.319634703196347,140,298,-1078.0107142855522,-2.4612116764510326,-988.5714285714243,4024.9255982346062,4169.319285714286,-1962.3580896452538,19302.035714285557,-35771.27857142859,-18.000000000000014,-0.041095890410958937,-1.0,1.4006048660432349,2.0,-1.0,2.000000000000005,-1.0,-0.02934153051106875,0.0,-0.6140727406232966,-0.4090909090909093,117468.1821428573,44.000000000000014,0.998156561925422,-2.461211676451285,-0.04109589041095896,583704.7,584782.7107142856,6,17,57.90867579908676,83.24642857142857,46.00503355704698,226.0,80.0,0.35398230088495575,0.061946902654867186,212.0,60.0,0.2830188679245283,-0.1509433962264151,438.0,0.319634703196347,438.0,0.319634703196347,438.0,0.319634703196347,298.0,0.0,140.0,1.0,,,,,,,,,,,,,,
M15@H4,wick_touch,any,any,any,both,market,zone,fixed_rr,2.0,1.5,none,20,same,any,until_broken,3,0,any,any,any,any,any,any,any,any,own,any,none,20,24,close,118270,10565,433,433,138,295,0.3187066974595843,137,295,6198.814285714572,14.315968327285386,-1069.6785714285625,4187.845872835978,4402.52132505176,-2038.471622276028,19302.035714285557,-35771.27857142859,-20.72218055201575,-0.047857229912276554,-1.0,1.3961632922501075,1.9875204307824945,-1.0,2.00000000000001,-1.0,-0.03427767380644144,0.0,-0.7132721872080021,-0.4604929011559054,123829.16785714285,45.000000000000014,1.0103081787121577,14.315968327285418,-0.04785722991227659,607547.9428571429,601349.1285714282,4,13,65.64087759815243,89.5163043478261,54.472033898305085,236.0,84.0,0.3559322033898305,0.06049923494908583,197.0,54.0,0.27411167512690354,-0.17766497461928935,433.0,0.3187066974595843,433.0,0.3187066974595843,433.0,0.3187066974595843,295.0,0.0,137.0,1.0,1.0,1.0,,,,,,,,,,,,
M15@H1,wick_touch,any,any,any,both,market,zone,fixed_rr,2.0,1.5,none,20,same,any,until_broken,0,0,any,any,any,any,any,any,any,any,own,any,none,20,24,close,173461,12740,1188,1188,412,776,0.3468013468013468,411,776,24327.2535714273,20.4774861712351,-529.5214285714337,2858.221801331564,2458.346393897362,-1273.8549751472754,34240.65714285716,-29551.014285714336,46.455693850250924,0.03910411940256812,-1.0,1.4273744012886065,1.996251684102551,-1.0,2.0,-1.0,0.027395839078566676,0.0,0.9442626830478056,1.4077482984924523,65870.83928571409,33.0,1.0246099863666212,20.477486171235114,0.03910411940256808,1012838.714285713,988511.4607142857,8,13,24.00925925925926,30.72087378640777,20.445876288659793,621.0,241.0,0.38808373590982287,0.1617644023353477,567.0,171.0,0.30158730158730157,-0.09523809523809523,1188.0,0.3468013468013468,1188.0,0.3468013468013468,,,776.0,0.0,411.0,1.0,1.0,1.0,1188.0,0.3468013468013468,,,,,,,,,,
M15@H1,wick_touch,any,any,any,both,market,zone,fixed_rr,2.0,1.5,none,20,same,any,until_broken,3,0,any,any,any,any,any,any,any,any,own,any,none,20,24,close,173461,22932,1289,1289,438,851,0.33979829325058186,437,851,38499.71071428499,29.86789039122187,-513.3999999999787,2794.4968222103284,2467.8957110241345,-1224.9572393822395,34240.65714285716,-29551.014285714336,23.45569385025094,0.018196814468774972,-1.0,1.4204530918006955,1.9964741868727192,-1.0,2.000000000000015,-1.0,0.012810570496000706,0.0,0.45993337939547485,0.5584689011964508,75176.260714286,42.000000000000014,1.03693235296408,29.867890391221977,0.01819681446877508,1080938.321428571,1042438.6107142859,6,14,23.293638479441427,30.535958904109588,19.566098707403054,676.0,258.0,0.3816568047337278,0.1426859376483002,613.0,180.0,0.2936378466557912,-0.11908646003262642,1289.0,0.33979829325058186,1289.0,0.33979829325058186,,,851.0,0.0,437.0,1.0,1.0,1.0,1289.0,0.33979829325058186,,,,,,,,,,
M5@H1,wick_touch,any,any,any,both,market,zone,fixed_rr,2.0,1.5,none,20,same,any,until_broken,0,0,any,any,any,any,any,any,any,any,own,any,none,20,24,close,156071,8675,592,592,200,392,0.33783783783783783,200,392,53299.97142857054,90.03373552123402,-723.3946428571244,4125.128318729996,3638.4298571428512,-1720.372448979591,46917.23571428574,-28820.932142857146,8.0,0.013513513513513514,-1.0,1.4201188505658509,2.0,-1.0,2.0,-1.0,0.009515762366036485,0.0,0.23152849106939463,0.23529411764705882,65121.10357142838,34.0,1.0790348130426353,90.03373552123412,0.013513513513513487,727685.9714285702,674385.9999999997,6,10,17.46438626126126,22.901666666666664,14.690263605442176,311.0,123.0,0.3954983922829582,0.1864951768488746,281.0,77.0,0.27402135231316727,-0.17793594306049823,592.0,0.33783783783783783,592.0,0.33783783783783783,,,392.0,0.0,200.0,1.0,,,592.0,0.33783783783783783,,,,,,,,,,
M5@H1,wick_touch,any,any,any,both,market,zone,fixed_rr,2.0,1.5,none,20,same,any,until_broken,3,0,any,any,any,any,any,any,any,any,own,any,none,20,24,close,156071,14678,605,605,199,406,0.32892561983471075,199,406,4996.553571427772,8.258766233764913,-793.0607142857298,4181.299582693804,3687.8828786791046,-1795.3008356790988,46917.23571428574,-28820.932142857146,-8.0,-0.013223140495867768,-1.0,1.41063499326787,2.0,-1.0,2.0,-1.0,-0.009373892296004304,0.0,-0.23056726426389926,-0.24242424242424243,75297.03928571475,33.0,1.0068549971966005,8.258766233765073,-0.013223140495867702,733888.6928571418,728892.1392857141,4,12,19.128099173553718,25.229480737018427,16.13752052545156,330.0,122.0,0.3696969696969697,0.10909090909090909,275.0,77.0,0.28,-0.16,605.0,0.32892561983471075,605.0,0.32892561983471075,,,406.0,0.0,199.0,1.0,,,605.0,0.32892561983471075,,,,,,,,,,
M5@M15,wick_touch,any,any,any,both,market,zone,fixed_rr,2.0,1.5,none,20,same,any,until_broken,0,0,any,any,any,any,any,any,any,any,own,any,none,20,24,close,222820,17093,1590,1590,533,1057,0.3352201257861635,532,1057,72841.43928571511,45.81222596585856,-435.73392857140334,2411.7784516572137,2200.2270704904845,-1040.56725571023,25346.33571428567,-19541.857142857134,7.039885484068197,0.004427600933376222,-1.0,1.4157636354709429,1.996322486836901,-1.0,2.0,-1.0,0.0031273588489249583,0.0,0.12470282137233019,0.12571224078693208,88760.81428571456,56.0,1.0662267397225,45.8122259658586,0.004427600933376241,1172721.0285714283,1099879.5892857132,7,13,7.5530398322851156,10.486241400875548,6.0739514348785875,855.0,327.0,0.3824561403508772,0.14507588945505054,735.0,206.0,0.2802721088435374,-0.15918367346938775,1590.0,0.3352201257861635,1590.0,0.3352201257861635,,,1057.0,0.0,532.0,1.0,1.0,1.0,,,1590.0,0.3352201257861635,,,,,,,,
M5@M15,wick_touch,any,any,any,both,market,zone,fixed_rr,2.0,1.5,none,20,same,any,until_broken,3,0,any,any,any,any,any,any,any,any,own,any,none,20,24,close,222820,31211,1742,1742,554,1188,0.31802525832376577,551,1190,-17492.85000000081,-10.041819747417227,-437.04285714284197,2293.306741554388,2117.100251418254,-1001.9919101731597,25346.33571428567,-19541.857142857134,-83.96011451593179,-0.04819753990581619,-1.0,1.3953963283599524,1.9928517788521087,-1.0,2.0,-1.0,-0.03454039467228933,0.0,-1.4416218995605985,-0.688197659966654,96820.41428571429,122.0,0.9853046506038384,-10.041819747417321,-0.04819753990581632,1172873.5392857129,1190366.3892857137,8,19,7.143513203214696,9.932761732851986,5.84280303030303,961.0,344.0,0.35796045785639957,0.07080112953597108,781.0,210.0,0.26888604353393086,-0.1946222791293214,1742.0,0.31802525832376577,1742.0,0.31802525832376577,,,1190.0,0.0016806722689075631,551.0,1.0,1.0,1.0,,,1742.0,0.31802525832376577,,,,,,,,
H1@D1,wick_touch,any,any,any,both,market,zone,fixed_rr,2.0,1.5,none,20,same,any,until_broken,0,0,any,any,any,any,any,any,any,any,own,any,none,20,24,close,69416,3104,158,158,65,93,0.41139240506329117,64,93,-26312.97142857121,-166.53779385171651,-1652.5321428571374,8223.5598785036,6326.831538461542,-4704.91420890937,31268.685714285675,-61723.23571428578,35.07419402325924,0.22198856976746353,-1.0,1.47423613943494,1.9703722157424501,-1.0,2.0,-1.0,0.1505787056967343,0.0,1.8927449813088895,2.5052995730899457,193093.14999999997,14.0,0.9398639031259001,-166.5377938517163,0.22198856976746373,411244.0500000002,437557.02142857143,6,14,466.5759493670886,580.0461538461539,387.26881720430106,78.0,37.0,0.47435897435897434,0.39838710286229795,80.0,28.0,0.35,0.05,158.0,0.41139240506329117,158.0,0.41139240506329117,,,93.0,0.0,64.0,1.0,1.0,1.0,,,,,158.0,0.41139240506329117,,,,,,
H1@D1,wick_touch,any,any,any,both,market,zone,fixed_rr,2.0,1.5,none,20,same,any,until_broken,3,0,any,any,any,any,any,any,any,any,own,any,none,20,24,close,69416,5543,174,174,67,107,0.3850574712643678,66,107,-17228.00357142822,-99.0115147783231,-1588.3428571428567,8178.460528624005,6568.034008528789,-4273.703571428571,32041.007142857234,-61723.23571428578,25.07419402325924,0.1441045633520646,-1.0,1.4572763393803154,1.9712566272128247,-1.0,2.0,-1.0,0.09888623005664311,0.0,1.3043989612453204,2.0895161686049364,139316.12142857126,12.0,0.9623255622480139,-99.011514778324,0.14410456335206456,440058.27857142885,457286.2821428571,5,11,448.4425287356322,541.223880597015,390.3457943925234,92.0,40.0,0.43478260869565216,0.2834151524267309,82.0,27.0,0.32926829268292684,-0.012195121951219513,174.0,0.3850574712643678,174.0,0.3850574712643678,,,107.0,0.0,66.0,1.0,1.0,1.0,,,,,174.0,0.3850574712643678,,,,,,
H1@H4,wick_touch,against_daily,continuation,young,both,market,zone,fixed_rr,2.0,1.5,none,20,same,any,until_broken,999,0,any,any,any,any,any,any,any,any,own,any,none,20,24,close,102673,1302,320,320,94,226,0.29375,94,226,-20101.485714286307,-62.81714285714471,-868.3839285714271,3697.3451793209665,3515.293996960483,-1551.0580594184592,35070.564285714136,-6663.200000000052,-37.99999999999999,-0.11874999999999998,-1.0,1.3685764748080829,2.0,-1.0,2.0000000000000084,-1.0,-0.08676899112755276,0.0,-1.552170900002273,-0.6551724137931033,88211.11785714298,58.0,0.9426555140768151,-62.81714285714497,-0.11875000000000002,330437.6357142854,350539.12142857176,5,12,105.771875,172.62765957446808,77.96460176991151,164.0,59.0,0.3597560975609756,0.07926829268292689,156.0,35.0,0.22435897435897437,-0.3269230769230769,320.0,0.29375,320.0,0.29375,320.0,0.29375,226.0,0.0,94.0,1.0,,,,,,,,,,,,,,
H1@D1,wick_touch,with_daily,reversal,any,both,market,zone,fixed_rr,2.0,1.5,none,20,same,any,until_broken,999,0,any,any,any,any,any,any,any,any,own,any,none,20,24,close,69416,173,23,23,6,17,0.2608695652173913,5,17,-22252.532142856937,-967.501397515519,-3915.707142857127,13155.304349757873,15848.177380952387,-6902.446848739485,46142.00000000001,-17168.849999999973,-6.105927794992908,-0.26547512152143077,-1.0,1.2823698442618832,1.8156787008345152,-1.0,2.0,-1.0,-0.20701915497259302,0.0,-0.9928289893471226,-1.017654632498818,68966.03928571407,6.0,0.810361092569568,-967.501397515518,-0.26547512152143077,95089.06428571432,117341.59642857125,1,6,651.2173913043479,599.8333333333334,669.3529411764706,2.0,0.0,0.0,-1.0,21.0,6.0,0.2857142857142857,-0.1955203711901385,23.0,0.2608695652173913,23.0,0.2608695652173913,,,17.0,0.0,5.0,1.0,1.0,1.0,,,,,23.0,0.2608695652173913,,,,,,
M5@M15,wick_touch,with_daily,any,fresh,both,market,zone,fixed_rr,2.0,1.5,none,20,same,any,until_broken,999,0,any,any,any,any,any,any,any,any,own,any,none,20,24,close,222820,6805,1067,1067,377,690,0.35332708528584816,376,690,13649.94642857059,12.792827018341697,-417.6142857142622,2214.975455781267,2054.1198181129193,-1102.5409057971012,12661.378571428577,-19541.857142857134,62.039885484068215,0.05814422257176027,-1.0,1.4334500065039844,1.9948007572521704,-1.0,2.0,-1.0,0.0405624349003752,0.0,1.3249705545503028,1.5509971371017053,127381.84642857172,40.0,1.0179426731034504,12.792827018341768,0.05814422257176022,774403.1714285705,760753.2249999999,5,19,7.5221024679787565,10.318965517241379,5.993961352657005,662.0,245.0,0.37009063444108764,0.10731100526294293,405.0,132.0,0.32592592592592595,-0.022222222222222223,1067.0,0.35332708528584816,1067.0,0.35332708528584816,,,690.0,0.0,376.0,1.0,1.0,1.0,,,1067.0,0.35332708528584816,,,,,,,,
H1@H4,body_close,against_daily,any,any,both,market,zone,fixed_rr,2.0,1.5,none,20,same,any,until_broken,999,0,any,any,any,any,any,any,any,any,own,any,none,20,24,close,102673,31482,1690,1690,526,1164,0.31124260355029587,522,1167,42031.49285714217,24.870705832628502,-308.5964285714397,2732.0232793810187,2296.1299293862,-1001.4887027491402,46832.81428571427,-18624.69285714278,-116.5686762185383,-0.06897554805830668,-1.0,1.3865516754784024,1.9913143037670376,-1.0,2.0,-1.0,-0.04974610703528812,0.0,-2.0450430384544767,-0.8508662497703525,114035.97857142851,137.0,1.0360558534977735,24.870705832628346,-0.06897554805830663,1207764.342857141,1165732.8499999992,6,16,70.5130177514793,94.15209125475285,59.830756013745706,768.0,258.0,0.3359375,0.0031657861737782633,922.0,268.0,0.29067245119305857,-0.12906724511930587,,,1690.0,0.31124260355029587,1690.0,0.31124260355029587,1167.0,0.002570694087403599,522.0,1.0,1.0,1.0,,,,,,,1690.0,0.31124260355029587,,,,
M15@H4,wick_touch,against_daily,reversal,any,both,market,zone,fixed_rr,2.0,1.5,none,20,same,any,until_broken,999,0,any,any,any,any,any,any,any,any,own,any,none,20,24,close,118270,567,81,81,25,56,0.30864197530864196,25,56,-600.7035714287886,-7.416093474429489,-1288.732142857134,5193.286929338619,5863.004857142843,-2628.139732142855,19302.035714285557,-7718.803571428589,-6.0,-0.07407407407407407,-1.0,1.3944333775567928,2.0,-1.0,2.0,-1.0,-0.05312127152597304,0.0,-0.47809144373375734,-0.42857142857142855,42602.88214285713,14.0,0.9959184630259162,-7.416093474429317,-0.07407407407407407,146575.1214285711,147175.82499999987,4,7,90.15432098765432,73.04,97.79464285714286,13.0,4.0,0.3076923076923077,-0.07692307692307693,68.0,21.0,0.3088235294117647,-0.07352941176470588,81.0,0.30864197530864196,81.0,0.30864197530864196,81.0,0.30864197530864196,56.0,0.0,25.0,1.0,,,,,,,,,,,,,,
H1@H4,wick_touch,against_daily,any,any,both,market,zone,fixed_rr,3.0,1.5,none,20,same,any,until_broken,999,0,any,any,any,any,any,any,any,any,own,any,none,20,24,close,102673,8428,650,650,168,482,0.25846153846153846,167,482,65689.79285714196,101.06121978021841,-811.2839285714301,5167.807233680721,5677.73960459183,-1842.677304386484,52605.8464285712,-19955.474999999933,20.328114769602347,0.03127402272246515,-1.0,1.7493684296914909,2.9900483022000137,-1.0,3.0,-1.0,0.01787732200470799,0.0,0.45578406876393857,0.4840027326095797,87611.39285714319,42.0,1.0739607944226304,101.06121978021883,0.031274022722465156,953860.2535714274,888170.4607142853,4,22,225.65846153846155,359.8333333333333,178.8921161825726,334.0,104.0,0.31137724550898205,0.24050333763353998,316.0,64.0,0.20253164556962025,-0.189873417721519,650.0,0.25846153846153846,650.0,0.25846153846153846,650.0,0.25846153846153846,482.0,0.0,167.0,1.0,1.0,1.0,,,,,,,,,,,,
H1@H4,wick_touch,against_daily,any,any,both,market,zone,fixed_rr,4.0,1.5,none,20,same,any,until_broken,999,0,any,any,any,any,any,any,any,any,own,any,none,20,24,close,102673,8428,482,482,119,363,0.24688796680497926,118,363,252782.72857142755,524.445494961468,-944.3410714285733,6346.748800284988,8050.516086434565,-1942.7787485242027,46563.97142857131,-17535.282142857068,110.32811476960235,0.22889650367137418,-1.0,2.151975434940163,3.9775471829378346,-1.0,4.000000000000004,-1.0,0.1063657604798536,0.0,2.335206918280382,3.244944552047128,68113.04642857148,34.0,1.3584407918906454,524.4454949614685,0.22889650367137415,958011.4142857132,705228.6857142856,3,19,332.1784232365145,652.3949579831933,227.20385674931129,241.0,75.0,0.3112033195020747,0.5449299368033292,241.0,44.0,0.1825726141078838,-0.08713692946058091,482.0,0.24688796680497926,482.0,0.24688796680497926,482.0,0.24688796680497926,363.0,0.0,118.0,1.0,1.0,1.0,,,,,,,,,,,,
H1@H4,wick_touch,against_daily,any,any,both,market,zone,fixed_rr,5.0,1.5,none,20,same,any,until_broken,999,0,any,any,any,any,any,any,any,any,own,any,none,20,24,close,102673,8428,447,447,85,362,0.19015659955257272,84,362,121032.43928571306,270.76608341322833,-967.9678571428667,6754.048725589098,9604.664915966376,-1920.8952446724554,58204.96428571414,-19955.474999999933,59.32811476960235,0.13272508897002763,-1.0,2.3465887652136543,4.956801350230616,-1.0,5.000000000000004,-1.0,0.0565608644077622,0.0,1.1958309780237788,1.3184025504356078,95906.59642857203,45.0,1.1740562146010831,270.76608341322844,0.13272508897002766,816396.5178571419,695364.0785714289,4,27,370.7046979865772,779.1529411764706,274.79834254143645,232.0,57.0,0.24568965517241378,0.4583108395241481,215.0,28.0,0.13023255813953488,-0.2186046511627907,447.0,0.19015659955257272,447.0,0.19015659955257272,447.0,0.19015659955257272,362.0,0.0,84.0,1.0,1.0,1.0,,,,,,,,,,,,
H1@H4,wick_touch,any,any,any,long,market,zone,fixed_rr,3.0,1.5,none,20,same,any,until_broken,999,0,any,any,any,any,any,any,any,any,own,any,none,20,24,close,102673,11274,773,773,239,534,0.3091849935316947,237,535,390151.30357142806,504.723549251524,-631.6107142857163,4892.5104989525835,5265.260026897786,-1625.928544676297,52605.8464285712,-19955.474999999933,179.32811476960228,0.231989799184479,-1.0,1.8450892656795883,2.9846364634711393,-1.0,3.000000000000005,-1.0,0.12573364524942476,0.0,3.4957571426485616,4.170421273711681,72520.06785714271,43.0,1.4493557979932903,504.7235492515242,0.23198979918447904,1258397.1464285708,868245.8428571426,4,19,219.21086675291073,350.1380753138075,160.6123595505618,773.0,239.0,0.3091849935316947,0.231989799184479,0.0,0.0,0.0,0.0,773.0,0.3091849935316947,773.0,0.3091849935316947,773.0,0.3091849935316947,535.0,0.001869158878504673,237.0,1.0,1.0,1.0,,,,,,,,,,,,
H1@H4,wick_touch,any,any,any,short,market,zone,fixed_rr,3.0,1.5,none,20,same,any,until_broken,999,0,any,any,any,any,any,any,any,any,own,any,none,20,24,close,102673,10018,716,716,144,572,0.2011173184357542,142,574,-228665.52142857303,-319.36525339186176,-911.1535714285765,4072.2091750059976,5316.29330357142,-1738.1324425574435,30904.54285714284,-15794.303571428554,-144.0,-0.2011173184357542,-1.0,1.5967795851525006,2.9722222222222223,-1.0,3.0000000000000004,-1.0,-0.12595183474652608,0.0,-3.3702414020404547,-0.972972972972973,245625.0892857162,148.0,0.7700032012438611,-319.36525339186187,-0.2011173184357541,765546.2357142846,994211.7571428576,3,26,220.18994413407822,337.2708333333333,190.71503496503496,0.0,0.0,0.0,0.0,716.0,144.0,0.2011173184357542,-0.2011173184357542,716.0,0.2011173184357542,716.0,0.2011173184357542,716.0,0.2011173184357542,574.0,0.003484320557491289,142.0,1.0,,,,,,,,,,,,,,
M15@H4,wick_touch,any,any,any,long,market,zone,fixed_rr,3.0,1.5,none,20,same,any,until_broken,999,0,any,any,any,any,any,any,any,any,own,any,none,20,24,close,118270,7352,355,355,112,243,0.3154929577464789,111,243,235745.06428571377,664.0706036217289,-879.4714285714235,5335.968760909606,6158.294355867339,-1868.246516754849,26704.007142857336,-35771.27857142859,91.3698429112646,0.2573798391866608,-1.0,1.8567024062073563,2.985445025993434,-1.0,3.000000000000016,-1.0,0.13862202059209086,0.0,2.611838993990076,3.807076787969358,59877.52142857161,24.0,1.5192806670702201,664.0706036217287,0.25737983918666096,689728.967857142,453983.90357142827,5,14,82.77676056338028,137.55580357142858,57.52880658436214,355.0,112.0,0.3154929577464789,0.25737983918666085,0.0,0.0,0.0,0.0,355.0,0.3154929577464789,355.0,0.3154929577464789,355.0,0.3154929577464789,243.0,0.0,111.0,1.0,1.0,1.0,,,,,,,,,,,,
M15@H4,wick_touch,any,any,any,short,market,zone,fixed_rr,3.0,1.5,none,20,same,any,until_broken,999,0,any,any,any,any,any,any,any,any,own,any,none,20,24,close,118270,6881,342,342,73,269,0.2134502923976608,73,269,-100012.37857142968,-292.4338554720166,-1115.4535714285885,4684.154507325266,6015.591487279836,-2004.2771640998428,28953.053571428336,-15134.507142857092,-50.0,-0.14619883040935672,-1.0,1.6413731273972219,3.0,-1.0,3.0,-1.0,-0.08907105152939168,0.0,-1.64721251192086,-0.7142857142857143,145137.8928571442,70.0,0.8145000923277733,-292.43385547201683,-0.14619883040935677,439138.178571428,539150.5571428577,4,13,80.65789473684211,97.36301369863014,76.12453531598513,0.0,0.0,0.0,0.0,342.0,73.0,0.2134502923976608,-0.14619883040935672,342.0,0.2134502923976608,342.0,0.2134502923976608,342.0,0.2134502923976608,269.0,0.0,73.0,1.0,,,,,,,,,,,,,,
M15@H1,wick_touch,any,any,any,long,market,zone,fixed_rr,3.0,1.5,none,20,same,any,until_broken,999,0,any,any,any,any,any,any,any,any,own,any,none,20,24,close,173461,17147,1130,1130,314,816,0.2778761061946903,308,821,196161.2749999998,173.59404867256617,-487.5839285714392,3599.0904864662207,3451.772747952685,-1087.861970413166,67629.86785714266,-29551.014285714336,113.45569385025094,0.1004032688940274,-1.0,1.7811671849125632,2.960049980414812,-1.0,3.0000000000000147,-1.0,0.05636936821231419,0.0,1.8948829541955003,2.1818402663509797,87497.87142857153,52.0,1.2209781441954848,173.59404867256615,0.10040326889402751,1083856.6428571432,887695.3678571435,6,25,27.29513274336283,46.53742038216561,19.890625,1130.0,314.0,0.2778761061946903,0.10040326889402738,0.0,0.0,0.0,0.0,1130.0,0.2778761061946903,1130.0,0.2778761061946903,,,821.0,0.0060901339829476245,308.0,1.0,1.0,1.0,1130.0,0.2778761061946903,,,,,,,,,,
M15@H1,wick_touch,any,any,any,short,market,zone,fixed_rr,3.0,1.5,none,20,same,any,until_broken,999,0,any,any,any,any,any,any,any,any,own,any,none,20,24,close,173461,16367,1049,1049,212,837,0.2020972354623451,210,839,-171757.92142856953,-163.734910799399,-575.8642857142831,3037.085123821515,3657.727223719679,-1131.6560249189265,37224.439285714194,-20087.28928571427,-205.0,-0.1954242135367016,-1.0,1.6018054091920662,2.981132075471698,-1.0,3.0,-1.0,-0.12200246822444652,0.0,-3.951448818249716,-0.8991228070175439,253193.37142857106,228.0,0.8186669869905444,-163.7349107993989,-0.19542421353670159,775438.1714285719,947196.0928571415,4,20,28.047664442326024,44.62028301886792,23.85005973715651,0.0,0.0,0.0,0.0,1049.0,212.0,0.2020972354623451,-0.1954242135367016,1049.0,0.2020972354623451,1049.0,0.2020972354623451,,,839.0,0.0023837902264600714,210.0,1.0,,,1049.0,0.2020972354623451,,,,,,,,,,
M5@H1,wick_touch,any,any,any,long,market,zone,fixed_rr,3.0,1.5,none,20,same,any,until_broken,999,0,any,any,any,any,any,any,any,any,own,any,none,20,24,close,156071,10284,519,519,152,367,0.2928709055876686,151,367,190755.4499999991,367.5442196531775,-687.796428571437,5454.954633655312,5371.872368421049,-1705.093051771118,70375.85357142861,-28820.932142857146,87.97265557459728,0.16950415332292348,-1.0,1.819552556223522,2.993241155096035,-1.0,3.000000000000025,-1.0,0.09315705267383376,0.0,2.122264056198557,3.66552731560822,97808.95000000001,24.0,1.3048335796035948,367.5442196531776,0.16950415332292357,816524.5999999994,625769.1500000004,5,16,23.28789338471419,45.34758771929825,14.151453224341507,519.0,152.0,0.2928709055876686,0.16950415332292348,0.0,0.0,0.0,0.0,519.0,0.2928709055876686,519.0,0.2928709055876686,,,367.0,0.0,151.0,1.0,1.0,1.0,519.0,0.2928709055876686,,,,,,,,,,
M5@H1,wick_touch,any,any,any,short,market,zone,fixed_rr,3.0,1.5,none,20,same,any,until_broken,999,0,any,any,any,any,any,any,any,any,own,any,none,20,24,close,156071,10085,535,535,108,427,0.20186915887850468,108,427,-105258.43928571562,-196.7447463284404,-906.5107142857414,3873.5947618564655,5140.380555555543,-1546.6499749079962,36705.93214285736,-15879.192857142789,-103.0,-0.1925233644859813,-1.0,1.6070829259313657,3.0,-1.0,3.0,-1.0,-0.11979678296588628,0.0,-2.770907617875771,-0.8512396694214877,151971.75000000114,121.0,0.8406188293587444,-196.7447463284409,-0.19252336448598129,555161.0999999986,660419.5392857144,3,18,19.60093457943925,29.886574074074073,16.999414519906324,0.0,0.0,0.0,0.0,535.0,108.0,0.20186915887850468,-0.1925233644859813,535.0,0.20186915887850468,535.0,0.20186915887850468,,,427.0,0.0,108.0,1.0,,,535.0,0.20186915887850468,,,,,,,,,,
M5@M15,wick_touch,any,any,any,long,market,zone,fixed_rr,3.0,1.5,none,20,same,any,until_broken,999,0,any,any,any,any,any,any,any,any,own,any,none,20,24,close,222820,23873,1643,1643,463,1180,0.2818015824710895,459,1183,206804.51428571605,125.87006347274257,-399.11428571431316,2729.767621054988,2844.94598889232,-941.0215920096849,36119.74285714277,-19541.857142857134,201.30915140126194,0.12252535082243575,-1.0,1.7950819949095271,2.983389095899054,-1.0,3.0,-1.0,0.06825613045526151,0.0,2.766689650716952,2.580886556426435,106343.9821428571,78.0,1.1862423396467536,125.87006347274269,0.12252535082243587,1317209.9928571442,1110405.4785714282,4,19,7.816747819030229,14.948704103671707,5.018361581920904,1643.0,463.0,0.2818015824710895,0.12252535082243575,0.0,0.0,0.0,0.0,1643.0,0.2818015824710895,1643.0,0.2818015824710895,,,1183.0,0.00253592561284869,459.0,1.0,1.0,1.0,,,1643.0,0.2818015824710895,,,,,,,,
M5@M15,wick_touch,any,any,any,short,market,zone,fixed_rr,3.0,1.5,none,20,same,any,until_broken,999,0,any,any,any,any,any,any,any,any,own,any,none,20,24,close,222820,22793,1754,1754,417,1337,0.2377423033067275,414,1340,54053.153571427494,30.81707729271807,-448.41250000001764,2571.762303520768,2877.4167865707395,-857.0154423549518,38019.503571428504,-9793.671428571452,-92.0,-0.052451539338654506,-1.0,1.6991616432835888,2.985611510791367,-1.0,3.0,-1.0,-0.03086906978272719,0.0,-1.2928208186233872,-0.6571428571428571,120416.14285714181,140.0,1.0471738130881023,30.817077292718295,-0.05245153933865443,1199882.7999999984,1145829.6464285706,5,19,6.466980235651843,8.273980815347722,5.903390675641984,0.0,0.0,0.0,0.0,1754.0,417.0,0.2377423033067275,-0.052451539338654506,1754.0,0.2377423033067275,1754.0,0.2377423033067275,,,1340.0,0.002238805970149254,414.0,1.0,,,,,1754.0,0.2377423033067275,,,,,,,,
H1@D1,wick_touch,any,any,any,long,market,zone,fixed_rr,3.0,1.5,none,20,same,any,until_broken,999,0,any,any,any,any,any,any,any,any,own,any,none,20,24,close,69416,3821,137,137,48,89,0.35036496350364965,47,89,214846.7214285715,1568.2242440041716,-1428.9999999999964,10711.15646610369,11101.596800595245,-3573.3699438202293,47348.742857142905,-61723.23571428578,52.13899217254525,0.38057658520106025,-1.0,1.902352334895453,2.94039567026136,-1.0,3.0000000000000027,-1.0,0.20005578263291351,0.0,2.3415929011224077,5.213899217254525,89799.22500000021,10.0,1.6755550485652289,1568.224244004171,0.3805765852010605,532876.6464285718,318029.9250000004,6,10,543.4963503649635,832.125,387.8314606741573,137.0,48.0,0.35036496350364965,0.38057658520106025,0.0,0.0,0.0,0.0,137.0,0.35036496350364965,137.0,0.35036496350364965,,,89.0,0.0,47.0,1.0,1.0,1.0,,,,,137.0,0.35036496350364965,,,,,,
H1@D1,wick_touch,any,any,any,short,market,zone,fixed_rr,3.0,1.5,none,20,same,any,until_broken,999,0,any,any,any,any,any,any,any,any,own,any,none,20,24,close,69416,3762,183,183,41,142,0.22404371584699453,40,142,-99960.14285714302,-546.2302888368471,-1902.0392857142951,7081.057519986307,9180.790156794417,-3354.736192152917,45943.999999999956,-25528.785714285732,-21.113854530137257,-0.1153762542630451,-1.0,1.6580625797536142,2.9484425724356766,-1.0,3.0,-1.0,-0.0695849816960406,0.0,-0.9413281845391701,-0.44923094744972886,197112.20714285702,47.0,0.7901639271503224,-546.2302888368472,-0.1153762542630451,376412.39642857114,476372.5392857142,3,15,402.89617486338796,750.609756097561,302.5,0.0,0.0,0.0,0.0,183.0,41.0,0.22404371584699453,-0.11537625426304512,183.0,0.22404371584699453,183.0,0.22404371584699453,,,142.0,0.0,40.0,1.0,1.0,1.0,,,,,183.0,0.22404371584699453,,,,,,
M15@H4,wick_touch,against_daily,any,any,both,market,zone,fixed_rr,3.0,1.5,none,20,same,any,until_broken,999,0,any,any,any,any,any,any,any,any,own,any,none,20,24,close,118270,6099,298,298,70,228,0.2348993288590604,69,228,34204.685714285064,114.78082454458075,-1080.694642857145,5411.799147560715,6710.9644387755025,-1910.3632675438605,28953.053571428336,-35771.27857142859,-19.63015708873543,-0.065873010364884,-1.0,1.6913160775788394,2.976712041589494,-1.0,3.0,-1.0,-0.03894778228513196,0.0,-0.6723429660442293,-0.3569119470679169,99860.71785714272,55.0,1.0785298555134613,114.78082454458058,-0.06587301036488391,469767.5107142852,435562.8250000002,4,17,99.28859060402685,153.25,82.72149122807018,149.0,43.0,0.28859060402684567,0.14342176450513133,149.0,27.0,0.18120805369127516,-0.2751677852348993,298.0,0.2348993288590604,298.0,0.2348993288590604,298.0,0.2348993288590604,228.0,0.0,69.0,1.0,1.0,1.0,,,,,,,,,,,,
M15@H1,wick_touch,against_daily,any,any,both,market,zone,fixed_rr,3.0,1.5,none,20,same,any,until_broken,999,0,any,any,any,any,any,any,any,any,own,any,none,20,24,close,173461,13217,766,766,182,584,0.23759791122715404,180,585,94541.52500000075,123.42235639686783,-537.3642857142954,4007.2278050266577,4122.472291993722,-1122.8569043542066,67629.86785714266,-22327.3964285715,-42.54430614974906,-0.05554086964719199,-1.0,1.6969194345876084,2.975031284891489,-1.0,3.0,-1.0,-0.03273041048097238,0.0,-0.9058699156135814,-0.3575151777289837,73144.07857142868,119.0,1.1441734670886787,123.42235639686771,-0.05554086964719196,750289.9571428575,655748.4321428566,3,30,37.851501305483026,71.1565934065934,27.472174657534246,343.0,93.0,0.27113702623906705,0.07129939898032343,423.0,89.0,0.21040189125295508,-0.15839243498817968,766.0,0.23759791122715404,766.0,0.23759791122715404,,,585.0,0.0017094017094017094,180.0,1.0,1.0,1.0,766.0,0.23759791122715404,,,,,,,,,,
M5@H1,wick_touch,against_daily,any,any,both,market,zone,fixed_rr,3.0,1.5,none,20,same,any,until_broken,999,0,any,any,any,any,any,any,any,any,own,any,none,20,24,close,156071,7654,390,390,103,287,0.2641025641025641,102,287,163636.5035714291,419.5807783882797,-743.3392857142962,5721.218769656548,5985.548682385573,-1577.961709805871,70375.85357142861,-22174.73928571435,20.972655574597276,0.05377603993486481,-1.0,1.762041600146974,2.9900257822776437,-1.0,3.000000000000025,-1.0,0.030519165909805582,0.0,0.6027052349646495,1.1038239776103829,60174.01428571457,19.0,1.3613281804031045,419.58077838827967,0.053776039934864794,616511.514285714,452875.01071428496,3,11,27.16730769230769,50.46601941747573,18.80574912891986,147.0,50.0,0.3401360544217687,0.35355548009930127,243.0,53.0,0.21810699588477367,-0.12757201646090535,390.0,0.2641025641025641,390.0,0.2641025641025641,,,287.0,0.0,102.0,1.0,1.0,1.0,390.0,0.2641025641025641,,,,,,,,,,
M5@M15,wick_touch,against_daily,any,any,both,market,zone,fixed_rr,3.0,1.5,none,20,same,any,until_broken,999,0,any,any,any,any,any,any,any,any,own,any,none,20,24,close,222820,16631,1311,1311,349,962,0.2662090007627765,340,971,155243.19999999748,118.41586575133293,-385.13571428570685,2924.1721884308417,2890.542191977068,-887.2723752598745,38019.503571428504,-17448.864285714262,67.0,0.05110602593440122,-1.0,1.7534210609531855,2.9484240687679084,-1.0,3.0,-1.0,0.02914646520021793,0.0,1.0553274584403232,1.3958333333333333,40055.14285714232,48.0,1.1818781608389417,118.41586575133272,0.051106025934401056,1008799.2249999967,853556.0249999992,4,16,7.473302822273074,10.708452722063038,6.299636174636174,450.0,137.0,0.30444444444444446,0.19111111111111112,861.0,212.0,0.2462253193960511,-0.022067363530778164,1311.0,0.2662090007627765,1311.0,0.2662090007627765,,,971.0,0.009268795056642637,340.0,1.0,,,,,1311.0,0.2662090007627765,,,,,,,,
H1@D1,wick_touch,against_daily,any,any,both,market,zone,fixed_rr,3.0,1.5,none,20,same,any,until_broken,999,0,any,any,any,any,any,any,any,any,own,any,none,20,24,close,69416,2898,140,140,41,99,0.29285714285714287,41,99,-68812.19999999974,-491.5157142857124,-1564.5660714285555,8793.140500904512,8556.490505226486,-4238.669805194806,20372.603571428543,-63822.92500000003,24.0,0.17142857142857143,-1.0,1.8268298489513268,3.0,-1.0,3.0,-1.0,0.09383937509395211,0.0,1.1103224597040635,1.2,200169.37499999962,20.0,0.8360163071865465,-491.5157142857129,0.17142857142857149,350816.1107142859,419628.31071428576,6,11,564.8642857142858,975.6341463414634,394.74747474747477,62.0,23.0,0.3709677419354839,0.4838709677419355,78.0,18.0,0.23076923076923078,-0.07692307692307693,140.0,0.29285714285714287,140.0,0.29285714285714287,,,99.0,0.0,41.0,1.0,,,,,,,140.0,0.29285714285714287,,,,,,
H1@H4,wick_touch,against_daily,continuation,any,both,market,zone,fixed_rr,2.0,1.5,none,20,same,any,until_broken,999,0,any,any,any,any,any,any,any,any,own,any,none,20,24,close,102673,5993,785,785,276,509,0.35159235668789807,275,509,54289.46428571433,69.15855323020934,-656.5250000000106,3368.8716783668638,3207.434420289857,-1632.539166432782,18404.257142857157,-38461.13928571421,41.85778284119839,0.05332201635821451,-1.0,1.431917443082055,1.9958615320333275,-1.0,2.000000000000005,-1.0,0.03723819177971906,0.0,1.0433341256343347,0.9513132463908724,98208.43928571424,44.00000000000001,1.0653332352370992,69.15855323020924,0.05332201635821443,885251.9000000005,830962.435714286,4,15,144.6968152866242,155.59057971014494,138.78978388998036,404.0,165.0,0.4084158415841584,0.22242025455742176,381.0,111.0,0.29133858267716534,-0.12598425196850394,785.0,0.35159235668789807,785.0,0.35159235668789807,785.0,0.35159235668789807,509.0,0.0,275.0,1.0,1.0,1.0,,,,,,,,,,,,
M5@H1,wick_touch,with_daily,continuation,any,long,market,zone,fixed_rr,2.0,1.5,none,20,same,any,until_broken,999,0,any,any,any,any,any,any,any,any,own,any,none,20,24,close,156071,3211,374,374,140,234,0.37433155080213903,140,234,15628.257142855633,41.786783804426825,-622.3785714285896,3562.444965153259,3219.783010204073,-1859.5784798534817,14926.421428571484,-28820.932142857146,46.00000000000001,0.12299465240641713,-1.0,1.4537943753372453,2.0,-1.0,2.0000000000000075,-1.0,0.08460250946966646,0.0,1.6361346654854885,1.7692307692307696,82881.30714285698,26.0,1.035915356308425,41.78678380442648,0.12299465240641705,450769.62142857024,435141.3642857147,6,16,14.90530303030303,22.81190476190476,10.174857549857549,374.0,140.0,0.37433155080213903,0.12299465240641713,0.0,0.0,0.0,0.0,374.0,0.37433155080213903,374.0,0.37433155080213903,,,234.0,0.0,140.0,1.0,,,374.0,0.37433155080213903,,,,,,,,,,
H1@H4,wick_touch,any,any,any,both,market,zone,fixed_rr,3.0,1.5,none,20,same,any,until_broken,999,0,any,any,any,any,any,any,any,any,own,any,none,20,24,close,102673,21292,745,745,175,570,0.2348993288590604,174,570,-61662.550000001436,-82.76852348993481,-815.7785714285637,4963.7716597080935,5772.744897959176,-1880.5138721804515,52605.8464285712,-19955.474999999933,-47.829566805687776,-0.06420076081300373,-1.0,1.6931861996189004,2.983831046824641,-1.0,3.0000000000000004,-1.0,-0.037917129744769906,0.0,-1.034936231089084,-0.5314396311743086,177789.1178571438,90.0,0.9424732176236116,-82.76852348993498,-0.06420076081300385,1010230.3571428559,1071892.9071428573,4,16,253.70738255033558,342.6114285714286,226.41228070175438,386.0,108.0,0.27979274611398963,0.11184050050339954,359.0,67.0,0.18662952646239556,-0.25348189415041783,745.0,0.2348993288590604,745.0,0.2348993288590604,745.0,0.2348993288590604,570.0,0.0,174.0,1.0,1.0,1.0,,,,,,,,,,,,
M5@M15,wick_touch,any,any,any,both,market,zone,fixed_rr,3.0,1.5,none,20,same,any,until_broken,999,0,any,any,any,any,any,any,any,any,own,any,none,20,24,close,222820,46666,1777,1777,452,1325,0.2543612830613393,447,1329,155976.63928571844,87.77526127502445,-438.8285714286212,2774.3725362840555,3002.2548988622066,-906.4472264150936,38019.503571428504,-17448.864285714262,21.309151401262017,0.011991644007463153,-1.0,1.7361839344012608,2.978560069471819,-1.0,3.000000000000093,-1.0,0.006906897230101707,0.0,0.2911566460686595,0.18692238071282472,74152.63928571342,114.0,1.1298677020552068,87.77526127502438,0.01199164400746311,1357019.2142857173,1201042.574999999,5,24,7.709529169011443,12.464970501474927,6.087295597484277,995.0,279.0,0.2804020100502513,0.11387854412187139,782.0,173.0,0.22122762148337596,-0.11764705882352941,1777.0,0.2543612830613393,1777.0,0.2543612830613393,,,1329.0,0.0030097817908201654,447.0,1.0,1.0,1.0,,,1777.0,0.2543612830613393,,,,,,,,
H1@H4,wick_touch,with_daily,push,any,both,market,zone,fixed_rr,2.0,1.5,none,20,same,any,until_broken,999,0,any,any,any,any,any,any,any,any,own,any,none,20,24,close,102673,75,28,28,12,16,0.42857142857142855,11,17,13470.696428571526,481.09630102041166,-264.3499999999733,3813.58187204654,4041.85654761904,-2189.47388392856,10813.107142857189,-6031.857142857098,7.0,0.25,-1.0,1.481365736219265,1.9166666666666667,-1.0,2.0,-1.0,0.16876318513890357,0.0,0.8930108366813807,1.0,14952.171428571277,7.0,1.3845300612926565,481.0963010204114,0.25,48502.278571428484,35031.58214285696,3,5,118.5,228.33333333333334,36.125,28.0,12.0,0.42857142857142855,0.25,0.0,0.0,0.0,0.0,28.0,0.42857142857142855,28.0,0.42857142857142855,28.0,0.42857142857142855,17.0,0.058823529411764705,11.0,1.0,,,,,,,,,,,,,,
H1@H4,wick_touch,against_daily,push,any,both,market,zone,fixed_rr,2.0,1.5,none,20,same,any,until_broken,999,0,any,any,any,any,any,any,any,any,own,any,none,20,24,close,102673,119,49,49,17,32,0.3469387755102041,17,32,7700.967857142747,157.1626093294438,-828.7607142856814,5346.119125100871,5459.093277310912,-2659.4880580357103,23281.985714285656,-9625.564285714336,1.9999999999999964,0.04081632653061217,-1.0,1.442786419766011,2.0,-1.0,2.0,-1.0,0.028289929799333504,0.0,0.19802950859533452,0.19999999999999965,27313.692857142873,10.0,1.0904893123353443,157.16260932944397,0.04081632653061218,92804.5857142855,85103.61785714273,2,10,199.9795918367347,232.0,182.96875,49.0,17.0,0.3469387755102041,0.04081632653061217,0.0,0.0,0.0,0.0,49.0,0.3469387755102041,49.0,0.3469387755102041,49.0,0.3469387755102041,32.0,0.0,17.0,1.0,,,,,,,,,,,,,,
H1@H4,wick_touch,any,any,any,both,market,zone,period,2.0,1.5,none,20,same,any,until_broken,999,0,any,any,any,any,any,any,any,any,own,any,none,20,24,close,102673,21292,5627,5627,4189,1438,0.7444464190510041,4185,1442,-195772.93571428588,-34.7917070755795,109.9999999999909,1262.8130146037377,388.91298724550677,-1269.0747143850583,17603.999999999996,-19955.474999999933,-112.00305996045385,-0.019904577920819976,0.07939722919873586,0.7982162467862214,0.3165425972880272,-1.0,18.329905767518714,-1.0,-0.02493632270823827,0.0,-1.8705566578717394,-0.7867365813174747,292685.92857142905,142.36411858832435,0.8927230108190307,-34.79170707557955,-0.019904577920820038,1629156.503571428,1824929.4392857137,25,8,21.784609916474142,17.750059680114585,33.537552155771905,2935.0,2216.0,0.7550255536626916,-0.0022173764528643078,2692.0,1973.0,0.7329123328380386,-0.03918835812455315,5627.0,0.7444464190510041,5627.0,0.7444464190510041,5627.0,0.7444464190510041,1442.0,0.0027739251040221915,4185.0,1.0,,,,,,,,,,,,,,
H1@H4,wick_touch,with_daily,any,any,both,market,zone,period,2.0,1.5,none,20,same,any,until_broken,999,0,any,any,any,any,any,any,any,any,own,any,none,20,24,close,102673,5332,2243,2243,1645,598,0.7333927775300936,1641,602,-177520.65357142797,-79.14429494936601,93.00000000000637,1208.0195846177198,341.331096396005,-1235.8031892021004,7967.999999999938,-19458.782142857126,-118.26602024980603,-0.05272671433339546,0.08076200950759174,0.7241034643500683,0.29163159863233673,-1.0,10.979012190523221,-1.0,-0.07281654753678224,0.0,-3.4486150614385505,-0.9291527612635233,200048.5714285709,127.283720374441,0.7597859571705381,-79.14429494936601,-0.05272671433339554,561489.6535714283,739010.3071428561,39,5,15.607668301382077,12.096656534954407,25.265886287625417,1197.0,892.0,0.7451963241436925,-0.04028207231482604,1046.0,753.0,0.719885277246654,-0.06696785821124214,2243.0,0.7333927775300936,2243.0,0.7333927775300936,2243.0,0.7333927775300936,602.0,0.006644518272425249,1641.0,1.0,,,,,,,,,,,,,,
M15@H4,wick_touch,any,any,any,both,market,zone,period,2.0,1.5,none,20,same,any,until_broken,999,0,any,any,any,any,any,any,any,any,own,any,none,20,24,close,118270,14233,2406,2406,1796,610,0.7464671654197839,1796,610,-147415.64285714217,-61.27000950005909,103.99999999999636,1603.912983312677,481.84932787146073,-1660.355796252927,13125.0,-21220.974999999908,-47.6385894331943,-0.019799912482624398,0.058695714555547174,0.7563466160022234,0.31311882548263126,-1.0,9.064945226918287,-1.0,-0.026178357995808355,0.0,-1.2840744776765203,-0.9096160126085211,169933.81071428565,52.37219746888615,0.8544498782515267,-61.27000950005902,-0.019799912482624388,865401.3928571434,1012817.0357142854,22,6,8.812240232751455,6.05206013363029,16.93893442622951,1227.0,927.0,0.7555012224938875,0.013813287431668937,1179.0,869.0,0.7370653095843935,-0.05478158872930624,2406.0,0.7464671654197839,2406.0,0.7464671654197839,2406.0,0.7464671654197839,610.0,0.0,1796.0,1.0,,,,,,,,,,,,,,
M15@H4,wick_touch,with_daily,any,any,both,market,zone,period,2.0,1.5,none,20,same,any,until_broken,999,0,any,any,any,any,any,any,any,any,own,any,none,20,24,close,118270,4170,1090,1090,803,287,0.736697247706422,803,287,-109396.03928571427,-100.36333879423327,83.99999999999181,1639.9099247570769,476.93282334104214,-1715.5857018417114,13125.0,-18690.403571428487,-23.464945788621407,-0.021527473200570097,0.055476785695788636,0.7930039656132126,0.32818811234293727,-1.0,9.064945226918287,-1.0,-0.027146740916892356,0.0,-0.8962536701323329,-0.7321669211103473,113637.45714285709,32.04862868297341,0.7778188124428027,-100.36333879423347,-0.021527473200570135,382977.0571428568,492373.09642857115,24,5,8.897247706422018,6.2721046077210465,16.242160278745644,596.0,450.0,0.7550335570469798,0.013234077595202478,494.0,353.0,0.7145748987854251,-0.0634665101930407,1090.0,0.736697247706422,1090.0,0.736697247706422,1090.0,0.736697247706422,287.0,0.0,803.0,1.0,,,,,,,,,,,,,,
M15@H1,wick_touch,any,any,any,both,market,zone,period,2.0,1.5,none,20,same,any,until_broken,999,0,any,any,any,any,any,any,any,any,own,any,none,20,24,close,173461,33514,8169,8169,6115,2054,0.7485616354510956,6103,2066,-114397.56785714214,-14.003864347795586,59.99999999994543,858.0067788393185,265.9321714752951,-847.4064247461401,12482.000000000062,-13226.189285714281,-182.68973302501632,-0.02236378173889289,0.06376195536667088,0.7538589095041295,0.30601966753474796,-1.0,12.808239927296288,-1.0,-0.02966573911503315,0.0,-2.6812642717537982,-0.9356902075376439,131051.31785714171,195.24596020490736,0.9342759072807117,-14.003864347795655,-0.022363781738892974,1626175.2285714296,1740572.796428572,33,9,2.6924654180438243,2.0056009811937856,4.737341772151899,4168.0,3116.0,0.7476007677543186,-0.008902431549634028,4001.0,2999.0,0.7495626093476631,-0.036387002830827624,8169.0,0.7485616354510956,8169.0,0.7485616354510956,,,2066.0,0.005808325266214908,6103.0,1.0,,,8169.0,0.7485616354510956,,,,,,,,,,
M15@H1,wick_touch,with_daily,any,any,both,market,zone,period,2.0,1.5,none,20,same,any,until_broken,999,0,any,any,any,any,any,any,any,any,own,any,none,20,24,close,173461,11645,4211,4211,3215,996,0.7634766088815008,3211,1000,-136576.66785714537,-32.433309868711795,59.999999999990905,887.4170743403738,245.90352143967974,-930.8800093230078,10409.999999999945,-15215.267857142862,-58.05173093084287,-0.013785735200865148,0.07008592264554954,0.7153548072332062,0.29174129675556976,-1.0,8.663173771532874,-1.0,-0.019271185517274348,0.0,-1.2505499780963225,-0.9823799066152823,138398.15000000183,59.092954304059255,0.8526929709974155,-32.43330986871183,-0.013785735200865179,790579.8214285703,927156.4892857157,27,7,2.5577060080740917,1.8377138413685847,4.881777108433735,2328.0,1792.0,0.7697594501718213,-0.00219355354979644,1883.0,1423.0,0.75570897503983,-0.02811743933452836,4211.0,0.7634766088815008,4211.0,0.7634766088815008,,,1000.0,0.004,3211.0,1.0,,,4211.0,0.7634766088815008,,,,,,,,,,
M5@H1,wick_touch,any,any,any,both,market,zone,period,2.0,1.5,none,20,same,any,until_broken,999,0,any,any,any,any,any,any,any,any,own,any,none,20,24,close,156071,20369,3537,3537,2639,898,0.7461125247384789,2638,899,-73605.6678571431,-20.810197301991263,77.99999999997453,1297.2621175122238,426.61860011909243,-1335.692821349029,12482.000000000062,-18960.307142857164,0.7940585751881423,0.0002245005867085422,0.05782842980791577,0.8639139848823535,0.3405813029841562,-1.0,15.623716868394062,-1.0,0.0002598645127143235,0.0,0.015454839736882104,0.01235183519298032,104185.58571428564,64.28668799268098,0.9386339274659864,-20.81019730199131,0.00022450058670847595,1125846.485714285,1199452.153571428,21,14,2.481505041937612,1.6566565618289757,4.905530809205643,1787.0,1327.0,0.7425853385562395,0.025359994028001653,1750.0,1312.0,0.7497142857142857,-0.025442429001629085,3537.0,0.7461125247384789,3537.0,0.7461125247384789,,,899.0,0.0011123470522803114,2638.0,1.0,,,3537.0,0.7461125247384789,,,,,,,,,,
M5@H1,wick_touch,with_daily,any,any,both,market,zone,period,2.0,1.5,none,20,same,any,until_broken,999,0,any,any,any,any,any,any,any,any,own,any,none,20,24,close,156071,7588,1870,1870,1414,456,0.7561497326203208,1414,456,-80282.20000000119,-42.93165775401133,81.50000000000546,1317.7713337094158,416.54036168922937,-1467.6979636591482,10409.999999999945,-15928.76428571426,-4.8055588575109605,-0.0025698175708614634,0.06132349496862087,0.811181129829495,0.31909083532000637,-1.0,15.623716868394062,-1.0,-0.003167994762651373,0.0,-0.13699517081367799,-0.16727385374396342,94880.58214285882,28.728691005508583,0.8800451724403697,-42.93165775401144,-0.0025698175708615545,588988.0714285703,669270.2714285715,20,9,2.3629233511586456,1.5637670909948136,4.8410087719298245,1129.0,851.0,0.7537643932683791,0.002792415223558254,741.0,563.0,0.7597840755735492,-0.010739805188809999,1870.0,0.7561497326203208,1870.0,0.7561497326203208,,,456.0,0.0,1414.0,1.0,,,1870.0,0.7561497326203208,,,,,,,,,,
M5@M15,wick_touch,any,any,any,both,market,zone,period,2.0,1.5,none,20,same,any,until_broken,999,0,any,any,any,any,any,any,any,any,own,any,none,20,24,close,222820,46666,11787,11787,8872,2915,0.7526936455416985,8851,2936,-23941.1928571451,-2.0311523591367693,50.0,694.218486995429,223.56077104534305,-688.6354557706443,6769.999999999982,-11665.728571428463,-33.750907346794264,-0.0028634009796211436,0.07005111838366654,0.8064643773824772,0.32475756229184016,-1.0,19.27921092565269,-1.0,-0.003550561016612808,0.0,-0.38547713473022477,-0.3558620615716972,71364.27500000194,94.8426679644644,0.988073367248209,-2.0311523591367404,-0.0028634009796210946,1983431.1607142836,2007372.3535714282,40,8,0.784267978846752,0.5711508115419297,1.432904516866781,6102.0,4595.0,0.7530317928548017,-0.0012897731341220242,5685.0,4277.0,0.7523306948109059,-0.004552455880805937,11787.0,0.7526936455416985,11787.0,0.7526936455416985,,,2936.0,0.00715258855585831,8851.0,1.0,,,,,11787.0,0.7526936455416985,,,,,,,,
M5@M15,wick_touch,with_daily,any,any,both,market,zone,period,2.0,1.5,none,20,same,any,until_broken,999,0,any,any,any,any,any,any,any,any,own,any,none,20,24,close,222820,18219,6342,6342,4841,1501,0.7633238725953958,4835,1507,-41340.55714285819,-6.518536288687826,50.99999999997635,728.078751373875,219.2369669784874,-734.6213952603036,6769.999999999982,-11665.728571428463,-56.60546531610447,-0.008925491219820976,0.07054637130258613,0.7805864040906639,0.2983669767989869,-1.0,19.27921092565269,-1.0,-0.011434341122324101,0.0,-0.910592907434713,-0.639126213152914,76549.81785714472,88.5669593128726,0.9625085652742881,-6.518536288687784,-0.008925491219820919,1061326.1571428576,1102666.7142857157,29,7,0.7583964049195837,0.5350134269778971,1.4788474350433045,4023.0,3070.0,0.7631121053939846,-0.006309320509319697,2319.0,1771.0,0.7636912462268219,-0.013464022814623328,6342.0,0.7633238725953958,6342.0,0.7633238725953958,,,1507.0,0.003981420039814201,4835.0,1.0,,,,,6342.0,0.7633238725953958,,,,,,,,
H1@D1,wick_touch,any,any,any,both,market,zone,period,2.0,1.5,none,20,same,any,until_broken,999,0,any,any,any,any,any,any,any,any,own,any,none,20,24,close,69416,7583,1141,1141,871,270,0.7633654688869412,870,270,-23795.68571428588,-20.855114561162033,190.99999999998545,2548.0498718011213,813.533877316713,-2712.5321957671963,33225.0,-26431.246428571467,14.159469918827714,0.01240970194463429,0.0642530345694684,0.8576890582996298,0.32624508601472757,-1.0,10.994232001708658,-1.0,0.014468765602812454,0.0,0.4887359698005416,0.5763343130708897,90885.06428571453,24.56815358325904,0.9675092633187184,-20.855114561162395,0.012409701944634227,708588.007142857,732383.692857143,20,4,51.55039439088519,39.17451205510907,91.47407407407407,561.0,439.0,0.7825311942959001,0.04466412053170104,580.0,432.0,0.7448275862068966,-0.01878810637837339,1141.0,0.7633654688869412,1141.0,0.7633654688869412,,,270.0,0.0,870.0,1.0,1.0,1.0,,,,,1141.0,0.7633654688869412,,,,,,
H1@D1,wick_touch,with_daily,any,any,both,market,zone,period,2.0,1.5,none,20,same,any,until_broken,999,0,any,any,any,any,any,any,any,any,own,any,none,20,24,close,69416,2438,657,657,532,125,0.8097412480974124,531,125,-16509.967857142936,-25.129327027614817,180.99999999999454,2203.9875620148855,653.666581632653,-2914.084714285715,9119.999999999982,-26431.246428571467,9.329913287581233,0.014200781259636587,0.06249236358305286,0.7459699112600673,0.2524998370067316,-1.0,10.994232001708658,-1.0,0.019036667625975834,0.0,0.48794807848410754,0.7241815347093495,61002.107142857116,12.883390200394707,0.954675393543074,-25.12932702761509,0.014200781259636502,347750.6214285714,364260.5892857144,29,6,44.95890410958904,31.798872180451127,100.968,327.0,276.0,0.8440366972477065,0.09371652779676512,330.0,256.0,0.7757575757575758,-0.0645920948544271,657.0,0.8097412480974124,657.0,0.8097412480974124,,,125.0,0.0,531.0,1.0,1.0,1.0,,,,,657.0,0.8097412480974124,,,,,,
H1@H4,wick_touch,any,any,any,both,market,zone,fixed_rr,2.0,1.5,none,20,same,any,until_broken,999,0,compression,any,any,any,any,any,any,any,own,any,none,20,24,close,102673,2368,339,339,116,223,0.3421828908554572,116,223,52329.78571428485,154.36514959966033,-824.9071428571369,3824.1388305380315,4059.729187192116,-1877.124663677133,17015.742857142868,-13838.214285714366,9.0,0.02654867256637168,-1.0,1.4254253615610215,2.0,-1.0,2.000000000000006,-1.0,0.018625087838550537,0.0,0.34292423519032905,0.4090909090909091,34530.18928571439,22.0,1.1250117910378261,154.3651495996603,0.02654867256637161,470928.5857142855,418598.8000000006,6,13,214.00884955752213,223.4655172413793,209.0896860986547,201.0,80.0,0.39800995024875624,0.19402985074626866,138.0,36.0,0.2608695652173913,-0.21739130434782608,339.0,0.3421828908554572,339.0,0.3421828908554572,339.0,0.3421828908554572,223.0,0.0,116.0,1.0,,,,,,,,,,,,,,
H1@H4,wick_touch,any,any,any,both,market,zone,fixed_rr,2.0,1.5,none,20,same,any,until_broken,999,0,trending,any,any,any,any,any,any,any,own,any,none,20,24,close,102673,16525,1086,1086,352,734,0.3241252302025783,351,734,7822.035714285339,7.202611154958876,-625.7732142857208,3690.681085475376,3490.7922889610377,-1663.4017029972754,24125.785714285666,-38461.13928571421,-31.829566805687787,-0.029308993375403117,-1.0,1.4034507029083982,1.994802367029296,-1.0,2.000000000000005,-1.0,-0.020883521818518824,0.0,-0.6882063143632026,-0.31829566805687787,120972.22857142909,100.0,1.0064065850042,7.202611154958731,-0.029308993375403047,1228758.8857142853,1220936.85,5,18,155.0230202578269,207.53977272727272,129.83787465940054,589.0,215.0,0.36502546689303905,0.09197017520256744,497.0,137.0,0.27565392354124746,-0.17303822937625754,1086.0,0.3241252302025783,1086.0,0.3241252302025783,1086.0,0.3241252302025783,734.0,0.0,351.0,1.0,1.0,1.0,,,,,,,,,,,,
H1@H4,wick_touch,any,any,any,both,market,zone,fixed_rr,2.0,1.5,none,20,same,any,until_broken,999,0,expansion,any,any,any,any,any,any,any,own,any,none,20,24,close,102673,2356,474,474,145,329,0.3059071729957806,145,329,-35666.95357142902,-75.24673749246628,-676.523214285703,2899.2188178380925,3000.384926108371,-1430.7682913590963,15533.171428571586,-16956.40000000003,-39.00000000000001,-0.08227848101265826,-1.0,1.383832301154216,2.0,-1.0,2.0,-1.0,-0.059456973900690185,0.0,-1.2944699484084463,-0.7090909090909092,80409.8249999998,55.0,0.9242293850926426,-75.2467374924662,-0.08227848101265833,435055.8142857138,470722.7678571427,5,14,125.81012658227849,154.5655172413793,113.13677811550151,224.0,86.0,0.38392857142857145,0.15178571428571422,250.0,59.0,0.236,-0.292,474.0,0.3059071729957806,474.0,0.3059071729957806,474.0,0.3059071729957806,329.0,0.0,145.0,1.0,,,,,,,,,,,,,,
M15@H4,wick_touch,any,any,any,both,market,zone,fixed_rr,2.0,1.5,none,20,same,any,until_broken,999,0,compression,any,any,any,any,any,any,any,own,any,none,20,24,close,118270,1530,143,143,52,91,0.36363636363636365,52,91,16252.921428570979,113.65679320679006,-1039.9642857142908,3525.1690233995787,3743.4520604395575,-1960.5119309262207,14685.914285714307,-13635.564285714372,13.000000000000007,0.09090909090909095,-1.0,1.4482096324650862,2.0,-1.0,2.000000000000006,-1.0,0.06277343339744884,0.0,0.7506610843064027,1.3000000000000007,40973.085714286106,10.0,1.091100456653543,113.65679320678964,0.09090909090909094,194659.50714285698,178406.58571428608,4,10,64.39160839160839,78.76923076923077,56.175824175824175,90.0,38.0,0.4222222222222222,0.2666666666666667,53.0,14.0,0.2641509433962264,-0.20754716981132076,143.0,0.36363636363636365,143.0,0.36363636363636365,143.0,0.36363636363636365,91.0,0.0,52.0,1.0,,,,,,,,,,,,,,
M15@H4,wick_touch,any,any,any,both,market,zone,fixed_rr,2.0,1.5,none,20,same,any,until_broken,999,0,trending,any,any,any,any,any,any,any,own,any,none,20,24,close,118270,11057,494,494,156,338,0.3157894736842105,155,338,-10401.457142857013,-21.055581260844153,-964.0303571428603,4110.157999202592,4122.497664835165,-1933.4647717666944,19302.035714285557,-35771.27857142859,-27.72218055201575,-0.056117774396793,-1.0,1.39291271615668,1.9889603810768222,-1.0,2.00000000000001,-1.0,-0.04028807673723661,0.0,-0.8954472563080531,-0.5898336287662924,113775.91785714285,47.000000000000014,0.9840837328447143,-21.055581260844065,-0.05611777439679311,643109.6357142857,653511.0928571427,4,12,59.96002024291498,82.01602564102564,49.780325443786985,275.0,100.0,0.36363636363636365,0.08464661617448818,219.0,56.0,0.2557077625570776,-0.2328767123287671,494.0,0.3157894736842105,494.0,0.3157894736842105,494.0,0.3157894736842105,338.0,0.0,155.0,1.0,1.0,1.0,,,,,,,,,,,,
M15@H4,wick_touch,any,any,any,both,market,zone,fixed_rr,2.0,1.5,none,20,same,any,until_broken,999,0,expansion,any,any,any,any,any,any,any,own,any,none,20,24,close,118270,1618,234,234,75,159,0.32051282051282054,75,159,-4786.014285714238,-20.4530525030523,-741.7410714285552,2641.806930144749,2892.401904761905,-1394.441239892183,15279.157142857184,-7495.839285714283,-9.000000000000021,-0.03846153846153855,-1.0,1.4030222531094685,1.9999999999999996,-1.0,2.0,-1.0,-0.027413348844822383,0.0,-0.4193436020780267,-0.32142857142857195,36564.26785714301,28.00000000000002,0.9784137775641201,-20.453052503052163,-0.03846153846153855,216930.14285714287,221716.1571428571,6,16,33.63568376068376,41.86666666666667,29.75314465408805,105.0,40.0,0.38095238095238093,0.14285714285714265,129.0,35.0,0.2713178294573643,-0.18604651162790697,234.0,0.32051282051282054,234.0,0.32051282051282054,234.0,0.32051282051282054,159.0,0.0,75.0,1.0,,,,,,,,,,,,,,
M15@H1,wick_touch,any,any,any,both,market,zone,fixed_rr,2.0,1.5,none,20,same,any,until_broken,999,0,compression,any,any,any,any,any,any,any,own,any,none,20,24,close,173461,2607,431,431,141,290,0.3271461716937355,140,291,-42941.60000000091,-99.63248259861,-472.26785714283324,3052.358234537375,2461.6872593718326,-1344.9638054187217,17236.385714285643,-29551.014285714336,-8.999999999999993,-0.020881670533642673,-1.0,1.4066387984203297,1.9929078014184398,-1.0,2.000000000000009,-1.0,-0.014845083583001557,0.0,-0.30819194398734095,-0.1874999999999999,98810.80714285732,47.99999999999999,0.8899044850411238,-99.63248259860995,-0.02088167053364265,347097.9035714284,390039.5035714293,5,11,21.50812064965197,27.081560283687942,18.798275862068966,227.0,86.0,0.3788546255506608,0.1365638766519824,204.0,55.0,0.2696078431372549,-0.19607843137254902,431.0,0.3271461716937355,431.0,0.3271461716937355,,,291.0,0.003436426116838488,140.0,1.0,,,431.0,0.3271461716937355,,,,,,,,,,
M15@H1,wick_touch,any,any,any,both,market,zone,fixed_rr,2.0,1.5,none,20,same,any,until_broken,999,0,trending,any,any,any,any,any,any,any,own,any,none,20,24,close,173461,27572,1653,1653,527,1126,0.31881427707199034,519,1133,-84248.59642857107,-50.96708797856689,-457.60357142858084,2300.1564117503713,2172.587977771754,-1091.6540503679266,16926.185714285748,-22327.3964285715,-80.54430614974906,-0.04872613802162678,-1.0,1.3929264062789644,1.9837868953515199,-1.0,2.000000000000015,-1.0,-0.0349811287961672,0.0,-1.4222313460456162,-0.9588607874970124,124887.28928571468,84.00000000000001,0.9314607649096192,-50.967087978566724,-0.04872613802162662,1144953.8642857145,1229202.4607142855,6,15,19.02828191167574,24.936907020872866,16.262877442273535,907.0,321.0,0.3539140022050717,0.05452667458682573,746.0,206.0,0.2761394101876676,-0.1742627345844504,1653.0,0.31881427707199034,1653.0,0.31881427707199034,,,1133.0,0.00617828773168579,519.0,1.0,1.0,1.0,1653.0,0.31881427707199034,,,,,,,,,,
M15@H1,wick_touch,any,any,any,both,market,zone,fixed_rr,2.0,1.5,none,20,same,any,until_broken,999,0,expansion,any,any,any,any,any,any,any,own,any,none,20,24,close,173461,3231,655,655,220,435,0.33587786259541985,220,435,70904.88214285669,108.25172846237662,-393.0642857142857,2404.0617370307946,2144.968571428568,-921.8119622331684,24816.2928571428,-7580.475000000024,5.000000000000021,0.007633587786259575,-1.0,1.417972144702244,2.0,-1.0,2.0000000000000213,-1.0,0.005383453980234943,0.0,0.13777856428355023,0.0847457627118648,63435.832142857,58.99999999999998,1.1768253567345313,108.2517284623766,0.007633587786259555,471893.0857142849,400988.20357142825,6,19,13.404580152671755,21.49659090909091,9.312068965517241,347.0,113.0,0.3256484149855908,-0.023054755043227605,308.0,107.0,0.3474025974025974,0.04220779220779221,655.0,0.33587786259541985,655.0,0.33587786259541985,,,435.0,0.0,220.0,1.0,,,655.0,0.33587786259541985,,,,,,,,,,
M5@H1,wick_touch,any,any,any,both,market,zone,fixed_rr,2.0,1.5,none,20,same,any,until_broken,999,0,compression,any,any,any,any,any,any,any,own,any,none,20,24,close,156071,1300,147,147,45,102,0.30612244897959184,45,102,-43113.946428571726,-293.29215257531786,-906.5107142857414,4684.809911363914,4449.841111111104,-2385.8509453781508,16141.921428571368,-28820.932142857146,-12.0,-0.08163265306122448,-1.0,1.3873706484522257,2.0,-1.0,2.0,-1.0,-0.058839829970668084,0.0,-0.7133950251253776,-0.46153846153846156,79428.19999999992,26.0,0.8228364809970439,-293.2921525753177,-0.08163265306122447,200242.84999999966,243356.7964285714,5,14,22.320861678004533,21.779629629629632,22.559640522875817,78.0,30.0,0.38461538461538464,0.15384615384615385,69.0,15.0,0.21739130434782608,-0.34782608695652173,147.0,0.30612244897959184,147.0,0.30612244897959184,,,102.0,0.0,45.0,1.0,,,147.0,0.30612244897959184,,,,,,,,,,
M5@H1,wick_touch,any,any,any,both,market,zone,fixed_rr,2.0,1.5,none,20,same,any,until_broken,999,0,trending,any,any,any,any,any,any,any,own,any,none,20,24,close,156071,16975,831,831,279,552,0.33574007220216606,279,552,26915.567857141,32.38937166924308,-639.6357142856687,3603.6275967824645,3191.098079877108,-1564.131877587993,46917.23571428574,-22174.73928571435,5.999999999999986,0.007220216606498178,-1.0,1.417598800747219,2.0,-1.0,2.0,-1.0,0.005093272230967174,0.0,0.14682411824211322,0.16666666666666627,74889.1928571433,36.0,1.0311738974164448,32.38937166924302,0.0072202166064981865,890316.3642857131,863400.796428572,5,13,14.551042920176494,22.035543608124254,10.768115942028986,479.0,175.0,0.3653444676409186,0.09603340292275571,352.0,104.0,0.29545454545454547,-0.11363636363636363,831.0,0.33574007220216606,831.0,0.33574007220216606,,,552.0,0.0,279.0,1.0,,,831.0,0.33574007220216606,,,,,,,,,,
M5@H1,wick_touch,any,any,any,both,market,zone,fixed_rr,2.0,1.5,none,20,same,any,until_broken,999,0,expansion,any,any,any,any,any,any,any,own,any,none,20,24,close,156071,2065,265,265,84,181,0.3169811320754717,84,181,61879.58214285732,233.5078571428578,-639.1142857142768,3393.2893103724964,3622.3558673469415,-1339.2171862667724,24470.621428571576,-7880.917857142958,-13.0,-0.04905660377358491,-1.0,1.3985412640456563,2.0,-1.0,2.0,-1.0,-0.03507697987521334,0.0,-0.5710118624415979,-0.22413793103448276,44580.21428571445,58.0,1.2552805832702134,233.50785714285757,-0.049056603773585006,304277.8928571431,242398.3107142858,5,17,12.764465408805032,19.05456349206349,9.845303867403315,121.0,40.0,0.3305785123966942,-0.008264462809917356,144.0,44.0,0.3055555555555556,-0.08333333333333333,265.0,0.3169811320754717,265.0,0.3169811320754717,,,181.0,0.0,84.0,1.0,,,265.0,0.3169811320754717,,,,,,,,,,
M5@M15,wick_touch,any,any,any,both,market,zone,fixed_rr,2.0,1.5,none,20,same,any,until_broken,999,0,compression,any,any,any,any,any,any,any,own,any,none,20,24,close,222820,3179,622,622,212,410,0.3408360128617363,210,412,6867.885714285012,11.041616903995196,-381.9839285714352,1868.814401330772,1772.3814184636074,-899.6999390243897,18299.07142857155,-10870.17857142855,12.0,0.01929260450160772,-1.0,1.4197641549319375,1.990566037735849,-1.0,2.0,-1.0,0.013588598102431028,0.0,0.33889865594038865,0.5714285714285714,53163.174999999945,21.0,1.0186183637899466,11.041616903995077,0.019292604501607524,375744.86071428476,368876.97499999974,5,11,5.714630225080386,7.974056603773585,4.546341463414634,360.0,119.0,0.33055555555555555,-0.011111111111111112,262.0,93.0,0.3549618320610687,0.061068702290076333,622.0,0.3408360128617363,622.0,0.3408360128617363,,,412.0,0.0048543689320388345,210.0,1.0,,,,,622.0,0.3408360128617363,,,,,,,,
M5@M15,wick_touch,any,any,any,both,market,zone,fixed_rr,2.0,1.5,none,20,same,any,until_broken,999,0,trending,any,any,any,any,any,any,any,own,any,none,20,24,close,222820,39812,2379,2379,767,1612,0.3224043715846995,766,1613,26544.024999999405,11.157639764606728,-362.6142857142895,2121.326038890571,1955.0103371205053,-913.7400146224738,25346.33571428567,-19541.857142857134,-79.0,-0.0332072299285414,-1.0,1.4020255425212855,1.998696219035202,-1.0,2.0,-1.0,-0.023685181846847307,0.0,-1.1552445928296993,-0.4876543209876543,123044.51428571457,162.0,1.0180210086959833,11.157639764606984,-0.033207229928541304,1499492.9285714275,1472948.9035714278,6,17,5.474253888188314,8.005432420686658,4.269902812241522,1295.0,458.0,0.35366795366795367,0.061003861003861,1084.0,309.0,0.28505535055350556,-0.14575645756457564,2379.0,0.3224043715846995,2379.0,0.3224043715846995,,,1613.0,0.0006199628022318661,766.0,1.0,,,,,2379.0,0.3224043715846995,,,,,,,,
M5@M15,wick_touch,any,any,any,both,market,zone,fixed_rr,2.0,1.5,none,20,same,any,until_broken,999,0,expansion,any,any,any,any,any,any,any,own,any,none,20,24,close,222820,3493,822,822,261,561,0.3175182481751825,257,565,-36784.09285714179,-44.74950469238661,-333.16071428569103,1415.679145734528,1454.5118910782767,-742.2668385536042,10895.821428571435,-7230.207142857125,-42.99999999999994,-0.05231143552311428,-1.0,1.3919687020788216,1.9846743295019158,-1.0,2.0000000000000644,-1.0,-0.03758089922926449,0.0,-1.077464763792983,-0.5058823529411761,76681.64999999912,84.99999999999994,0.9116641218951653,-44.74950469238655,-0.05231143552311435,379627.6035714302,416411.69642857194,6,12,3.306772100567721,3.894955300127714,3.0331253713606654,435.0,132.0,0.30344827586206896,-0.0919540229885056,387.0,129.0,0.3333333333333333,-0.007751937984496124,822.0,0.3175182481751825,822.0,0.3175182481751825,,,565.0,0.007079646017699115,257.0,1.0,,,,,822.0,0.3175182481751825,,,,,,,,
H1@D1,wick_touch,any,any,any,both,market,zone,fixed_rr,2.0,1.5,none,20,same,any,until_broken,999,0,compression,any,any,any,any,any,any,any,own,any,none,20,24,close,69416,483,52,52,22,30,0.4230769230769231,22,30,83645.63571428563,1608.5699175824159,-1834.9374999999895,7193.100513682407,8447.664285714285,-3406.7659523809543,28509.15714285711,-11117.242857142855,14.0,0.2692307692307692,-1.0,1.4966024871437595,2.0,-1.0,2.0,-1.0,0.17989464239404784,0.0,1.2972387146659947,2.3333333333333335,16496.88571428573,6.0,1.8184265946400626,1608.5699175824166,0.2692307692307693,185848.61428571425,102202.97857142863,5,6,537.4038461538462,861.5454545454545,299.7,25.0,10.0,0.4,0.2,27.0,12.0,0.4444444444444444,0.3333333333333333,52.0,0.4230769230769231,52.0,0.4230769230769231,,,30.0,0.0,22.0,1.0,,,,,,,52.0,0.4230769230769231,,,,,,
H1@D1,wick_touch,any,any,any,both,market,zone,fixed_rr,2.0,1.5,none,20,same,any,until_broken,999,0,trending,any,any,any,any,any,any,any,own,any,none,20,24,close,69416,6440,198,198,62,136,0.31313131313131315,61,136,-107013.11071428549,-540.470256132755,-1513.5267857142708,7589.689825767373,6406.9682027649815,-3707.6848476890764,32041.007142857234,-61723.23571428578,-13.925805976740762,-0.07033235341788263,-1.0,1.3870797393360852,1.9689386132783748,-1.0,2.0,-1.0,-0.050705342615376,0.0,-0.7134874143312184,-0.6054698250756853,181751.28571428527,23.0,0.7877756226547382,-540.4702561327551,-0.07033235341788258,397232.02857142885,504245.13928571437,6,8,414.6969696969697,589.6290322580645,334.9485294117647,85.0,32.0,0.3764705882352941,0.10675522380304986,113.0,30.0,0.26548672566371684,-0.20353982300884957,198.0,0.31313131313131315,198.0,0.31313131313131315,,,136.0,0.0,61.0,1.0,1.0,1.0,,,,,198.0,0.31313131313131315,,,,,,
H1@D1,wick_touch,any,any,any,both,market,zone,fixed_rr,2.0,1.5,none,20,same,any,until_broken,999,0,expansion,any,any,any,any,any,any,any,own,any,none,20,24,close,69416,660,77,77,33,44,0.42857142857142855,33,44,54212.446428571464,704.0577458256034,-958.210714285724,4099.801731886665,4653.113852813857,-2257.734334415587,12451.678571428602,-6120.692857142876,21.999999999999993,0.28571428571428564,-1.0,1.4943502624106961,2.0,-1.0,2.0,-1.0,0.19119632987072882,0.0,1.6777409856157222,2.749999999999999,16527.378571428606,8.0,1.5457245506760364,704.0577458256034,0.2857142857142857,153552.7571428573,99340.31071428582,4,6,228.14285714285714,277.54545454545456,191.0909090909091,42.0,23.0,0.5476190476190477,0.6428571428571427,35.0,10.0,0.2857142857142857,-0.14285714285714285,77.0,0.42857142857142855,77.0,0.42857142857142855,,,44.0,0.0,33.0,1.0,,,,,,,77.0,0.42857142857142855,,,,,,
H1@H4,wick_touch,with_daily,any,any,both,market,zone,fixed_rr,2.0,1.5,none,20,same,any,until_broken,999,0,compression,any,any,any,any,any,any,any,own,any,none,20,24,close,102673,629,150,150,47,103,0.31333333333333335,47,103,-9003.350000000086,-60.022333333333904,-874.573214285715,3314.175309470091,3724.910182370822,-1787.1274618585314,14543.107142857161,-11078.78214285713,-8.999999999999993,-0.05999999999999995,-1.0,1.3962077113217655,2.0,-1.0,2.000000000000006,-1.0,-0.04297354864427657,0.0,-0.526316333075747,-0.4090909090909088,56177.114285714524,22.0,0.9510884551247167,-60.02233333333402,-0.05999999999999994,175070.77857142864,184074.12857142874,6,12,190.17333333333335,169.4255319148936,199.64077669902912,90.0,36.0,0.4,0.20000000000000007,60.0,11.0,0.18333333333333332,-0.45,150.0,0.31333333333333335,150.0,0.31333333333333335,150.0,0.31333333333333335,103.0,0.0,47.0,1.0,,,,,,,,,,,,,,
H1@H4,wick_touch,any,any,any,both,market,zone,fixed_rr,2.0,1.5,none,20,same,any,until_broken,999,0,any,1-3,any,any,any,any,any,any,own,any,none,20,24,close,102673,4473,1112,1112,368,744,0.33093525179856115,368,744,135467.54642857017,121.82333311921778,-651.1571428571642,3749.2730368721195,3609.9417701863326,-1603.4825604838716,35070.564285714136,-19110.48571428564,-8.0,-0.007194244604316544,-1.0,1.4122845521368805,2.0,-1.0,2.0000000000000036,-1.0,-0.005094047508649141,0.0,-0.16986949067639093,-0.10810810810810811,75668.22142857137,74.0,1.1135528630054614,121.82333311921752,-0.007194244604316613,1328458.5714285704,1192991.0250000004,7,20,136.22661870503597,173.5679347826087,117.75672043010752,589.0,219.0,0.37181663837011886,0.11544991511035653,523.0,149.0,0.28489483747609945,-0.14531548757170173,1112.0,0.33093525179856115,1112.0,0.33093525179856115,1112.0,0.33093525179856115,744.0,0.0,368.0,1.0,,,,,,,,,,,,,,
H1@H4,wick_touch,any,any,any,both,market,zone,fixed_rr,2.0,1.5,none,20,same,any,until_broken,999,0,any,4-10,any,any,any,any,any,any,own,any,none,20,24,close,102673,5587,968,968,311,657,0.3212809917355372,310,658,-180011.84285714367,-185.96264757969388,-686.4214285714297,3327.455776361353,3069.912287551674,-1727.1758969341167,18404.257142857157,-38461.13928571421,-36.0,-0.0371900826446281,-1.0,1.4004952429653434,1.9967845659163987,-1.0,2.000000000000005,-1.0,-0.026554951065655568,0.0,-0.8261961827944875,-0.5070422535211268,207877.507142858,71.0,0.8413649536889463,-185.96264757969402,-0.037190082644627975,954742.7214285707,1134754.5642857146,5,15,147.6167355371901,135.16720257234726,153.50989345509893,500.0,180.0,0.36,0.07800000000000001,468.0,131.0,0.2799145299145299,-0.16025641025641027,968.0,0.3212809917355372,968.0,0.3212809917355372,968.0,0.3212809917355372,658.0,0.001519756838905775,310.0,1.0,,,,,,,,,,,,,,
H1@H4,wick_touch,any,any,any,both,market,zone,fixed_rr,2.0,1.5,none,20,same,any,until_broken,999,0,any,10+,any,any,any,any,any,any,own,any,none,20,24,close,102673,11826,805,805,259,546,0.3217391304347826,258,546,-58719.35714285774,-72.94330079858105,-664.4571428571453,3852.6227338216045,3634.3439051296177,-1831.528257456829,35070.564285714136,-20002.839285714253,-29.14221715880162,-0.03620151199851133,-1.0,1.4008174581624413,1.9955898951397621,-1.0,2.0,-1.0,-0.025843133084591623,0.0,-0.7332348598781095,-0.42235097331596533,129761.3678571439,69.00000000000003,0.9412814900813569,-72.94330079858105,-0.036201511998511404,941295.071428571,1000014.4285714286,5,14,165.16894409937888,166.24710424710426,164.65750915750917,418.0,159.0,0.3803827751196172,0.13841574842391957,387.0,100.0,0.25839793281653745,-0.2248062015503876,805.0,0.3217391304347826,805.0,0.3217391304347826,805.0,0.3217391304347826,546.0,0.0,258.0,1.0,1.0,1.0,,,,,,,,,,,,
M15@H4,wick_touch,any,any,any,both,market,zone,fixed_rr,2.0,1.5,none,20,same,any,until_broken,999,0,any,1-3,any,any,any,any,any,any,own,any,none,20,24,close,118270,1527,437,437,139,298,0.3180778032036613,139,298,9564.667857143308,21.887111801243268,-906.260714285736,3924.107640083003,3886.982836587873,-1780.9595517737287,19302.035714285557,-35771.27857142859,-19.999999999999986,-0.04576659038901599,-1.0,1.3987909820448676,2.0,-1.0,2.000000000000015,-1.0,-0.032718677040733155,0.0,-0.6839690552417296,-0.44444444444444414,96516.51071428557,45.0,1.0180218584026408,21.88711180124301,-0.04576659038901609,540290.6142857143,530725.9464285711,5,18,49.589244851258584,67.32014388489209,41.31879194630873,233.0,79.0,0.33905579399141633,0.017167381974248982,204.0,60.0,0.29411764705882354,-0.11764705882352941,437.0,0.3180778032036613,437.0,0.3180778032036613,437.0,0.3180778032036613,298.0,0.0,139.0,1.0,,,,,,,,,,,,,,
M15@H4,wick_touch,any,any,any,both,market,zone,fixed_rr,2.0,1.5,none,20,same,any,until_broken,999,0,any,4-10,any,any,any,any,any,any,own,any,none,20,24,close,118270,2067,441,441,148,293,0.3356009070294785,148,293,111428.59285714175,252.67254616131916,-803.5999999999831,4785.155479895113,4449.66042471042,-1867.3076791808887,48734.34285714284,-16826.55714285711,3.0,0.006802721088435374,-1.0,1.41820917151681,2.0,-1.0,2.0,-1.0,0.004796697994245584,0.0,0.10073065787915728,0.10344827586206896,60538.39285714303,29.0,1.2036634717139736,252.67254616131936,0.006802721088435493,658549.7428571421,547121.1500000004,6,16,47.59410430839002,63.80912162162162,39.403583617747444,241.0,87.0,0.36099585062240663,0.08298755186721991,200.0,61.0,0.305,-0.085,441.0,0.3356009070294785,441.0,0.3356009070294785,441.0,0.3356009070294785,293.0,0.0,148.0,1.0,,,,,,,,,,,,,,
M15@H4,wick_touch,any,any,any,both,market,zone,fixed_rr,2.0,1.5,none,20,same,any,until_broken,999,0,any,10+,any,any,any,any,any,any,own,any,none,20,24,close,118270,10873,455,455,135,320,0.2967032967032967,134,320,-112569.91428571584,-247.40640502355132,-969.5964285714354,3908.934732232595,3836.2540211640144,-1970.20064732143,18272.907142857184,-37703.70357142856,-51.72218055201575,-0.1136751220923423,-1.0,1.368459742588324,1.9872431070221057,-1.0,2.00000000000001,-1.0,-0.08306793291363879,0.0,-1.7718995662107606,-0.9074066763511535,128936.4107142871,57.0,0.821449159190399,-247.40640502355086,-0.1136751220923422,517894.29285714193,630464.2071428576,5,13,63.66263736263736,81.9,55.96875,242.0,86.0,0.35537190082644626,0.058999253917290294,213.0,49.0,0.2300469483568075,-0.30985915492957744,455.0,0.2967032967032967,455.0,0.2967032967032967,455.0,0.2967032967032967,320.0,0.0,134.0,1.0,1.0,1.0,,,,,,,,,,,,
M15@H1,wick_touch,any,any,any,both,market,zone,fixed_rr,2.0,1.5,none,20,same,any,until_broken,999,0,any,1-3,any,any,any,any,any,any,own,any,none,20,24,close,173461,6157,1494,1494,523,971,0.3500669344042838,519,974,109661.93214285804,73.40156100592908,-442.7696428571494,2614.660678796121,2249.9648661567876,-1098.9389215830506,45086.578571428436,-13791.899999999941,70.79575929138652,0.04738671973988387,-1.0,1.4286510562834798,1.9919612988363031,-1.0,2.0,-1.0,0.03316885500589387,0.0,1.2820524076451028,1.3614569094497406,52375.9678571433,52.0,1.1027692313603543,73.4015610059289,0.047386719739883953,1176731.625,1067069.692857142,6,16,17.60056894243641,24.736137667304014,13.757209062821833,775.0,292.0,0.3767741935483871,0.12618807650501487,719.0,231.0,0.32127955493741306,-0.037552155771905425,1494.0,0.3500669344042838,1494.0,0.3500669344042838,,,974.0,0.003080082135523614,519.0,1.0,1.0,1.0,1494.0,0.3500669344042838,,,,,,,,,,
M15@H1,wick_touch,any,any,any,both,market,zone,fixed_rr,2.0,1.5,none,20,same,any,until_broken,999,0,any,4-10,any,any,any,any,any,any,own,any,none,20,24,close,173461,8380,1381,1381,466,915,0.33743664011585806,462,918,20400.60714285687,14.77234405710128,-430.07142857140934,2505.9739763686925,2187.1930410790924,-1091.618961748634,23821.41428571431,-29551.014285714336,12.45569385025094,0.009019329362962302,-1.0,1.4157743092882038,1.9902482700649162,-1.0,2.0,-1.0,0.006370598268234483,0.0,0.23674295193250347,0.18317196838604324,92094.68214285742,68.0,1.0204244762069763,14.772344057101122,0.009019329362962236,1019231.957142857,998831.3500000001,9,22,18.843953656770456,23.71137339055794,16.365027322404373,725.0,262.0,0.36137931034482756,0.07924923289689785,656.0,204.0,0.31097560975609756,-0.06859756097560976,1381.0,0.33743664011585806,1381.0,0.33743664011585806,,,918.0,0.0032679738562091504,462.0,1.0,1.0,1.0,1381.0,0.33743664011585806,,,,,,,,,,
M15@H1,wick_touch,any,any,any,both,market,zone,fixed_rr,2.0,1.5,none,20,same,any,until_broken,999,0,any,10+,any,any,any,any,any,any,own,any,none,20,24,close,173461,19887,1246,1246,389,857,0.31219903691813805,385,861,-41123.946428571086,-33.004772414583535,-477.8696428571493,2629.054385219105,2501.33175725303,-1183.3628938156357,21667.035714285885,-22327.3964285715,-82.99999999999997,-0.06661316211878007,-1.0,1.3871096491446935,1.9897172236503855,-1.0,2.000000000000027,-1.0,-0.048022996711077924,0.0,-1.6951505636779887,-0.7345132743362831,95068.0821428577,112.99999999999997,0.9594495184810696,-33.00477241458361,-0.06661316211878021,973018.0535714288,1014141.9999999999,6,16,22.135634028892454,28.229434447300772,19.3696032672112,677.0,239.0,0.35302806499261447,0.05760709010339738,569.0,150.0,0.26362038664323373,-0.21441124780316345,1246.0,0.31219903691813805,1246.0,0.31219903691813805,,,861.0,0.004645760743321719,385.0,1.0,,,1246.0,0.31219903691813805,,,,,,,,,,
M5@H1,wick_touch,any,any,any,both,market,zone,fixed_rr,2.0,1.5,none,20,same,any,until_broken,999,0,any,1-3,any,any,any,any,any,any,own,any,none,20,24,close,156071,2191,632,632,222,410,0.3512658227848101,222,410,111100.44285714335,175.7918399638344,-650.3017857142822,3501.0729232133,3261.8317889317905,-1495.1858885017416,46917.23571428574,-18960.307142857164,34.0,0.05379746835443038,-1.0,1.433231852737714,2.0,-1.0,2.0,-1.0,0.03753577500504763,0.0,0.9436347514293234,0.9444444444444444,46934.95357142726,36.0,1.1812327764589894,175.7918399638345,0.05379746835443033,724126.6571428574,613026.2142857141,5,12,14.606276371308017,19.753753753753752,11.81910569105691,362.0,142.0,0.39226519337016574,0.17679558011049723,270.0,80.0,0.2962962962962963,-0.1111111111111111,632.0,0.3512658227848101,632.0,0.3512658227848101,,,410.0,0.0,222.0,1.0,,,632.0,0.3512658227848101,,,,,,,,,,
M5@H1,wick_touch,any,any,any,both,market,zone,fixed_rr,2.0,1.5,none,20,same,any,until_broken,999,0,any,4-10,any,any,any,any,any,any,own,any,none,20,24,close,156071,3208,604,604,196,408,0.32450331125827814,196,408,-18489.1571428579,-30.61118732261242,-697.005357142848,3471.78503196439,3209.3686953352726,-1587.0721113445372,35527.74285714285,-15879.192857142789,-16.0,-0.026490066225165563,-1.0,1.4057310786821207,2.0,-1.0,2.0,-1.0,-0.01884433418801562,0.0,-0.4631261105981038,-0.5161290322580645,57903.62857142891,31.0,0.9714464381922381,-30.611187322612068,-0.026490066225165587,629036.2642857134,647525.4214285712,5,15,15.36437637969095,18.776360544217685,13.725285947712418,332.0,125.0,0.37650602409638556,0.12951807228915663,272.0,71.0,0.2610294117647059,-0.21691176470588236,604.0,0.32450331125827814,604.0,0.32450331125827814,,,408.0,0.0,196.0,1.0,,,604.0,0.32450331125827814,,,,,,,,,,
M5@H1,wick_touch,any,any,any,both,market,zone,fixed_rr,2.0,1.5,none,20,same,any,until_broken,999,0,any,10+,any,any,any,any,any,any,own,any,none,20,24,close,156071,15334,680,680,219,461,0.3220588235294118,219,461,-26485.975000001417,-38.9499632352962,-725.0696428571473,3966.863762698014,3596.645433789952,-1766.0549349240803,37220.7071428571,-28820.932142857146,-23.0,-0.033823529411764704,-1.0,1.4028280183009203,2.0,-1.0,2.0,-1.0,-0.02411095941235273,0.0,-0.6287368983710134,-0.575,105228.05000000031,40.0,0.9674679949700979,-38.94996323529631,-0.0338235294117647,787665.3499999995,814151.325000001,4,10,16.420955882352942,22.53120243531202,13.51825741142444,369.0,131.0,0.35501355013550134,0.06504065040650407,311.0,88.0,0.2829581993569132,-0.15112540192926044,680.0,0.3220588235294118,680.0,0.3220588235294118,,,461.0,0.0,219.0,1.0,,,680.0,0.3220588235294118,,,,,,,,,,
M5@M15,wick_touch,any,any,any,both,market,zone,fixed_rr,2.0,1.5,none,20,same,any,until_broken,999,0,any,1-3,any,any,any,any,any,any,own,any,none,20,24,close,222820,9710,2041,2041,667,1374,0.3268005879470848,662,1378,-14274.435714284798,-6.993844054034688,-396.521428571441,2031.26580218801,1865.163868065969,-915.8214961530466,25346.33571428567,-19541.857142857134,-45.960114515931785,-0.022518429454155702,-1.0,1.404643322470332,1.9910642960780633,-1.0,2.0,-1.0,-0.01603142170964282,0.0,-0.7242583999016808,-0.46898076036665065,70394.16428571366,98.00000000000004,0.9886561262805106,-6.993844054034639,-0.02251842945415561,1244064.3000000012,1258338.735714286,7,16,5.763718765311122,8.167666166916542,4.596737020863658,1124.0,401.0,0.3567615658362989,0.06765114366909984,917.0,266.0,0.2900763358778626,-0.13304252998909488,2041.0,0.3268005879470848,2041.0,0.3268005879470848,,,1378.0,0.002902757619738752,662.0,1.0,1.0,1.0,,,2041.0,0.3268005879470848,,,,,,,,
M5@M15,wick_touch,any,any,any,both,market,zone,fixed_rr,2.0,1.5,none,20,same,any,until_broken,999,0,any,4-10,any,any,any,any,any,any,own,any,none,20,24,close,222820,13112,2142,2142,685,1457,0.3197945845004668,683,1459,-14080.939285713823,-6.573734493797303,-375.3178571428407,2034.1549829902167,1918.451496350366,-911.6130502990491,26902.071428571435,-17564.882142857095,-89.00000000000004,-0.041549953314659216,-1.0,1.3984882166082262,1.9970802919708028,-1.0,2.0,-1.0,-0.02971062095569952,0.0,-1.3750594084627414,-0.5114942528735634,115575.55357142765,174.0,0.9893986410278461,-6.573734493797474,-0.04154995331465927,1314139.2750000006,1328220.2142857146,7,17,5.193977591036415,6.996836982968369,4.346373827499428,1150.0,395.0,0.34347826086956523,0.02956521739130431,992.0,290.0,0.2923387096774194,-0.12399193548387097,2142.0,0.3197945845004668,2142.0,0.3197945845004668,,,1459.0,0.0013708019191226869,683.0,1.0,,,,,2142.0,0.3197945845004668,,,,,,,,
M5@M15,wick_touch,any,any,any,both,market,zone,fixed_rr,2.0,1.5,none,20,same,any,until_broken,999,0,any,10+,any,any,any,any,any,any,own,any,none,20,24,close,222820,25226,1873,1873,613,1260,0.32728243459690337,611,1262,25771.25000000299,13.759343299521085,-359.3571428571522,2073.80182384398,1943.7835061757191,-925.2127295918356,23798.285714285703,-13882.232142857174,-35.999999999999986,-0.019220501868659895,-1.0,1.4068870706865277,1.99673735725938,-1.0,2.000000000000013,-1.0,-0.013661723296156772,0.0,-0.5912543835330692,-0.29508196721311464,90729.89642857155,122.0,1.022106670565264,13.759343299521106,-0.019220501868659867,1191539.289285716,1165768.0392857129,6,18,5.7084890549919916,7.702283849918434,4.738492063492063,1001.0,350.0,0.34965034965034963,0.046953046953046966,872.0,263.0,0.30160550458715596,-0.09518348623853211,1873.0,0.32728243459690337,1873.0,0.32728243459690337,,,1262.0,0.001584786053882726,611.0,1.0,,,,,1873.0,0.32728243459690337,,,,,,,,
H1@D1,wick_touch,any,any,any,both,market,zone,fixed_rr,2.0,1.5,none,20,same,any,until_broken,999,0,any,1-3,any,any,any,any,any,any,own,any,none,20,24,close,69416,653,169,169,56,113,0.33136094674556216,56,113,-98868.24999999968,-585.0192307692289,-1687.4785714285736,7567.187380785251,6066.963647959188,-3881.5771175726927,31268.685714285675,-61723.23571428578,-1.000000000000007,-0.005917159763313652,-1.0,1.4163040491939978,2.0,-1.0,2.0,-1.0,-0.004177888050719786,0.0,-0.05431254465935722,-0.04166666666666696,206598.55357142806,24.0,0.7745915541583112,-585.0192307692291,-0.005917159763313529,339749.96428571455,438618.21428571426,5,12,385.9940828402367,547.3392857142857,306.0353982300885,81.0,31.0,0.38271604938271603,0.14814814814814806,88.0,25.0,0.2840909090909091,-0.14772727272727273,169.0,0.33136094674556216,169.0,0.33136094674556216,,,113.0,0.0,56.0,1.0,,,,,,,169.0,0.33136094674556216,,,,,,
H1@D1,wick_touch,any,any,any,both,market,zone,fixed_rr,2.0,1.5,none,20,same,any,until_broken,999,0,any,4-10,any,any,any,any,any,any,own,any,none,20,24,close,69416,824,152,152,51,101,0.3355263157894737,50,101,-36337.20714285687,-239.06057330826886,-1504.8392857142971,5926.2886787541165,5881.289355742298,-3329.534299858556,15621.235714285694,-33221.98571428571,-0.9258059767407616,-0.006090828794347115,-1.0,1.4118698930437439,1.962239098495279,-1.0,2.0,-1.0,-0.0043140156358291324,0.0,-0.05318675678906443,-0.07715049806173013,95923.23214285697,12.0,0.8919445496739942,-239.0605733082698,-0.006090828794347192,299945.7571428572,336282.96428571414,5,11,401.9013157894737,565.6274509803922,319.2277227722772,68.0,31.0,0.45588235294117646,0.3393263826949888,84.0,20.0,0.23809523809523808,-0.2857142857142857,152.0,0.3355263157894737,152.0,0.3355263157894737,,,101.0,0.0,50.0,1.0,1.0,1.0,,,,,152.0,0.3355263157894737,,,,,,
H1@D1,wick_touch,any,any,any,both,market,zone,fixed_rr,2.0,1.5,none,20,same,any,until_broken,999,0,any,10+,any,any,any,any,any,any,own,any,none,20,24,close,69416,6196,194,194,73,121,0.37628865979381443,72,121,-26088.55357142858,-134.47708026509576,-1225.4553571428687,7340.385348906743,5863.123776908026,-3752.864374262104,32041.007142857234,-63822.92500000003,23.07419402325924,0.11893914444978988,-1.0,1.4508548129908512,1.9736190962090308,-1.0,2.0,-1.0,0.08197866759982957,0.0,1.1418307127766396,1.6481567159470885,110392.27499999972,14.0,0.9425484485305968,-134.47708026509645,0.11893914444978992,428008.0357142859,454096.58928571455,4,9,377.7886597938144,469.3424657534247,322.55371900826447,90.0,39.0,0.43333333333333335,0.27860215581399156,104.0,34.0,0.3269230769230769,-0.019230769230769232,194.0,0.37628865979381443,194.0,0.37628865979381443,,,121.0,0.0,72.0,1.0,1.0,1.0,,,,,194.0,0.37628865979381443,,,,,,
H1@H4,wick_touch,any,any,any,both,market,zone,fixed_rr,2.0,1.5,none,20,same,any,until_broken,999,0,any,any,0-3h,any,any,any,any,any,own,any,none,20,24,close,102673,0,0,0,0,0,0.0,0,0,0.0,0.0,0.0,0.0,0.0,0.0,0.0,0.0,0.0,0.0,0.0,0.0,0.0,0.0,0.0,0.0,0.0,0.0,0.0,0.0,0.0,0.0,0.0,0.0,0.0,0.0,0.0,0,0,0.0,0.0,0.0,,,,,,,,,,,,,,,,,,,,,,,,,,,,,,,,
H1@H4,wick_touch,any,any,any,both,market,zone,fixed_rr,2.0,1.5,none,20,same,any,until_broken,999,0,any,any,3-12h,any,any,any,any,any,own,any,none,20,24,close,102673,1771,605,605,201,404,0.3322314049586777,201,404,181255.63571428476,299.5960920897269,-653.8535714285899,3791.7435763857475,3729.870291400138,-1407.0502298444137,43122.621428571256,-15794.303571428554,-2.0000000000000018,-0.003305785123966942,-1.0,1.4142096922633651,2.0,-1.0,2.000000000000005,-1.0,-0.0023375494751957287,0.0,-0.057496114800372686,-0.03448275862068968,61880.20714285766,58.00000000000001,1.3188603747990075,299.59609208972654,-0.0033057851239669533,749703.9285714277,568448.2928571431,4,15,65.41818181818182,83.94527363184079,56.20049504950495,296.0,110.0,0.3716216216216216,0.11486486486486487,309.0,91.0,0.29449838187702265,-0.11650485436893204,605.0,0.3322314049586777,605.0,0.3322314049586777,605.0,0.3322314049586777,404.0,0.0,201.0,1.0,,,,,,,,,,,,,,
H1@H4,wick_touch,any,any,any,both,market,zone,fixed_rr,2.0,1.5,none,20,same,any,until_broken,999,0,any,any,12h-3d,any,any,any,any,any,own,any,none,20,24,close,102673,6827,754,754,234,520,0.3103448275862069,233,520,-90809.67857142913,-120.43723948465403,-798.5357142857197,3627.952657579791,3591.7340964590962,-1790.9143406593416,18347.678571428536,-38461.13928571421,-53.82956680568777,-0.0713919984160315,-1.0,1.3868027408872057,1.9921813384372318,-1.0,2.000000000000025,-1.0,-0.05147956252982204,0.0,-1.413580418699071,-0.7476328723012189,130702.41071428588,72.00000000000001,0.9024889168130424,-120.43723948465413,-0.0713919984160315,840465.7785714285,931275.4571428576,4,13,162.01458885941645,191.28205128205127,148.84423076923076,377.0,137.0,0.363395225464191,0.08533271404326856,377.0,97.0,0.2572944297082228,-0.22811671087533156,754.0,0.3103448275862069,754.0,0.3103448275862069,754.0,0.3103448275862069,520.0,0.0,233.0,1.0,1.0,1.0,,,,,,,,,,,,
H1@H4,wick_touch,any,any,any,both,market,zone,fixed_rr,2.0,1.5,none,20,same,any,until_broken,999,0,any,any,3d+,any,any,any,any,any,own,any,none,20,24,close,102673,12694,1031,1031,318,713,0.3084384093113482,318,713,-19662.025000000463,-19.070829291950012,-668.23571428572,3960.399938012798,3709.5264824797823,-1682.0356892406328,42483.29999999987,-19955.474999999933,-77.00000000000001,-0.07468477206595539,-1.0,1.3862183217250923,2.0,-1.0,2.0,-1.0,-0.05387663032256941,0.0,-1.7299348904097995,-0.68141592920354,194921.81785714265,113.0,0.9836052987298851,-19.070829291950076,-0.07468477206595547,1179629.4214285708,1199291.4464285711,5,15,157.73908826382154,168.26415094339623,153.04488078541374,554.0,202.0,0.36462093862815886,0.09386281588447652,477.0,116.0,0.2431865828092243,-0.27044025157232704,1031.0,0.3084384093113482,1031.0,0.3084384093113482,1031.0,0.3084384093113482,713.0,0.0,318.0,1.0,,,,,,,,,,,,,,
M15@H4,wick_touch,any,any,any,both,market,zone,fixed_rr,2.0,1.5,none,20,same,any,until_broken,999,0,any,any,0-3h,any,any,any,any,any,own,any,none,20,24,close,118270,0,0,0,0,0,0.0,0,0,0.0,0.0,0.0,0.0,0.0,0.0,0.0,0.0,0.0,0.0,0.0,0.0,0.0,0.0,0.0,0.0,0.0,0.0,0.0,0.0,0.0,0.0,0.0,0.0,0.0,0.0,0.0,0,0,0.0,0.0,0.0,,,,,,,,,,,,,,,,,,,,,,,,,,,,,,,,
M15@H4,wick_touch,any,any,any,both,market,zone,fixed_rr,2.0,1.5,none,20,same,any,until_broken,999,0,any,any,3-12h,any,any,any,any,any,own,any,none,20,24,close,118270,1871,347,347,118,229,0.3400576368876081,118,229,44544.63928571425,128.37071840263474,-861.8035714285725,4006.208366904341,3904.9937651331734,-1817.6621179039312,18035.457142857194,-35771.27857142859,7.000000000000005,0.02017291066282422,-1.0,1.4232369578617554,2.0,-1.0,2.000000000000015,-1.0,0.01417396488433776,0.0,0.26403171087622535,0.3181818181818184,60471.6571428572,22.0,1.1070155303163716,128.3707184026348,0.02017291066282423,460789.2642857145,416244.62500000023,4,18,51.53025936599423,66.36228813559322,43.88755458515284,183.0,68.0,0.37158469945355194,0.11475409836065578,164.0,50.0,0.3048780487804878,-0.08536585365853659,347.0,0.3400576368876081,347.0,0.3400576368876081,347.0,0.3400576368876081,229.0,0.0,118.0,1.0,,,,,,,,,,,,,,
M15@H4,wick_touch,any,any,any,both,market,zone,fixed_rr,2.0,1.5,none,20,same,any,until_broken,999,0,any,any,12h-3d,any,any,any,any,any,own,any,none,20,24,close,118270,5637,402,402,130,272,0.32338308457711445,129,272,-3098.6285714282476,-7.708031272209571,-1018.228571428574,4008.250785869946,4005.115274725274,-1925.6015231092422,19302.035714285557,-37703.70357142856,-13.72218055201571,-0.034134777492576394,-1.0,1.4014676846032121,1.986752457292187,-1.0,2.000000000000039,-1.0,-0.02435644993287215,0.0,-0.4883453026698098,-0.41582365309138547,97582.04642857137,32.99999999999997,0.9940839178459274,-7.70803127220961,-0.03413477749257632,520664.98571428563,523763.6142857139,4,10,58.026119402985074,78.29615384615384,48.338235294117645,208.0,79.0,0.3798076923076923,0.13114336273069369,194.0,51.0,0.26288659793814434,-0.211340206185567,402.0,0.32338308457711445,402.0,0.32338308457711445,402.0,0.32338308457711445,272.0,0.0,129.0,1.0,1.0,1.0,,,,,,,,,,,,
M15@H4,wick_touch,any,any,any,both,market,zone,fixed_rr,2.0,1.5,none,20,same,any,until_broken,999,0,any,any,3d+,any,any,any,any,any,own,any,none,20,24,close,118270,6725,453,453,137,316,0.30242825607064017,137,316,-4294.417857143933,-9.479951119523031,-830.789285714286,4703.1633621652445,4389.900364963493,-1916.8062273960206,48734.34285714284,-19193.52142857133,-42.0,-0.09271523178807947,-1.0,1.3794525336601697,2.0,-1.0,2.00000000000001,-1.0,-0.06721161440914067,0.0,-1.4305183338572776,-0.8076923076923077,87500.52142857181,52.0,0.9929101180216153,-9.479951119523093,-0.0927152317880795,601416.3499999986,605710.7678571425,6,11,52.228476821192054,72.44525547445255,43.46360759493671,257.0,94.0,0.3657587548638132,0.09727626459143969,196.0,43.0,0.2193877551020408,-0.34183673469387754,453.0,0.30242825607064017,453.0,0.30242825607064017,453.0,0.30242825607064017,316.0,0.0,137.0,1.0,,,,,,,,,,,,,,
M15@H1,wick_touch,any,any,any,both,market,zone,fixed_rr,2.0,1.5,none,20,same,any,until_broken,999,0,any,any,0-3h,any,any,any,any,any,own,any,none,20,24,close,173461,3466,1045,1045,386,659,0.369377990430622,386,659,109649.16428571362,104.92742993848194,-440.9714285714017,2650.638102773305,2256.555680977053,-1155.3586169520922,34240.65714285716,-20087.28928571427,113.0,0.10813397129186603,-1.0,1.4486024647253808,2.0,-1.0,2.0000000000000213,-1.0,0.07464709879005042,0.0,2.4130764345273583,3.7666666666666666,48260.05357142911,30.0,1.144013466276415,104.92742993848196,0.10813397129186608,871030.4928571424,761381.3285714288,7,12,19.69138755980861,26.01878238341969,15.985204855842186,508.0,207.0,0.4074803149606299,0.22244094488188976,537.0,179.0,0.3333333333333333,0.0,1045.0,0.369377990430622,1045.0,0.369377990430622,,,659.0,0.0,386.0,1.0,,,1045.0,0.369377990430622,,,,,,,,,,
M15@H1,wick_touch,any,any,any,both,market,zone,fixed_rr,2.0,1.5,none,20,same,any,until_broken,999,0,any,any,3-12h,any,any,any,any,any,own,any,none,20,24,close,173461,10905,1136,1136,387,749,0.34066901408450706,385,750,34818.12857142789,30.649761066397794,-492.4000000000092,2844.3079260397144,2352.677104097452,-1169.1160356666035,45086.578571428436,-29551.014285714336,22.45569385025094,0.019767336135784276,-1.0,1.420356649272857,1.9934255655045245,-1.0,2.0,-1.0,0.013917163795377763,0.0,0.4690724262307223,0.6804755712197254,68962.83571428586,33.0,1.039761795705208,30.649761066397787,0.019767336135784297,910486.0392857138,875667.9107142859,5,15,22.0118838028169,26.62015503875969,19.630841121495326,606.0,229.0,0.3778877887788779,0.12946484133704775,530.0,158.0,0.2981132075471698,-0.10566037735849057,1136.0,0.34066901408450706,1136.0,0.34066901408450706,,,750.0,0.0013333333333333333,385.0,1.0,1.0,1.0,1136.0,0.34066901408450706,,,,,,,,,,
M15@H1,wick_touch,any,any,any,both,market,zone,fixed_rr,2.0,1.5,none,20,same,any,until_broken,999,0,any,any,12h-3d,any,any,any,any,any,own,any,none,20,24,close,173461,10361,1123,1123,369,754,0.3285841495992876,365,757,-30873.70000000002,-27.492163846838842,-402.2821428570751,2242.054250241793,2092.7235578784343,-1065.104367184539,13140.221428571385,-21621.392857142928,-20.204240708613504,-0.017991309624767145,-1.0,1.4057653544662927,1.988606393743595,-1.0,2.0,-1.0,-0.01279823091926864,0.0,-0.428883975646635,-0.38121208884176405,129382.80357142848,53.00000000000003,0.9615563009732326,-27.492163846838935,-0.017991309624767138,772214.9928571424,803088.6928571423,6,16,18.430765805877115,25.930216802168022,14.760610079575597,582.0,198.0,0.3402061855670103,0.015112988473172675,541.0,171.0,0.31608133086876156,-0.053604436229205174,1123.0,0.3285841495992876,1123.0,0.3285841495992876,,,757.0,0.003963011889035667,365.0,1.0,1.0,1.0,1123.0,0.3285841495992876,,,,,,,,,,
M15@H1,wick_touch,any,any,any,both,market,zone,fixed_rr,2.0,1.5,none,20,same,any,until_broken,999,0,any,any,3d+,any,any,any,any,any,own,any,none,20,24,close,173461,8782,984,984,297,687,0.3018292682926829,292,692,-34574.082142856685,-35.136262340301506,-399.7250000000122,2469.0293417841576,2230.827429052431,-1014.7450197546269,21667.035714285885,-22327.3964285715,-98.0,-0.09959349593495935,-1.0,1.371946748741315,1.9831649831649831,-1.0,2.0,-1.0,-0.0725928291504979,0.0,-2.277148072165753,-0.9158878504672897,81923.16428571302,107.0,0.9504051028576607,-35.13626234030164,-0.09959349593495948,662555.746428572,697129.8285714287,4,13,18.95706300813008,25.57239057239057,16.097161572052403,541.0,178.0,0.3290203327171904,-0.018484288354898338,443.0,119.0,0.2686230248306998,-0.1986455981941309,984.0,0.3018292682926829,984.0,0.3018292682926829,,,692.0,0.0072254335260115606,292.0,1.0,,,984.0,0.3018292682926829,,,,,,,,,,
M5@H1,wick_touch,any,any,any,both,market,zone,fixed_rr,2.0,1.5,none,20,same,any,until_broken,999,0,any,any,0-3h,any,any,any,any,any,own,any,none,20,24,close,156071,2749,472,472,167,305,0.3538135593220339,167,305,113007.29999999965,239.42224576271113,-690.3017857142686,4149.517375890476,3640.580367835754,-1622.851217798594,46917.23571428574,-18960.307142857164,29.000000000000014,0.061440677966101725,-1.0,1.4359785646335441,2.0,-1.0,2.000000000000015,-1.0,0.04278662612333711,0.0,0.9295634550737277,0.9354838709677424,50570.171428571295,31.0,1.228311587434074,239.42224576271133,0.06144067796610175,607976.9214285709,494969.6214285712,5,14,17.200388418079097,22.54241516966068,14.275409836065574,239.0,97.0,0.40585774058577406,0.21757322175732224,233.0,70.0,0.30042918454935624,-0.09871244635193133,472.0,0.3538135593220339,472.0,0.3538135593220339,,,305.0,0.0,167.0,1.0,,,472.0,0.3538135593220339,,,,,,,,,,
M5@H1,wick_touch,any,any,any,both,market,zone,fixed_rr,2.0,1.5,none,20,same,any,until_broken,999,0,any,any,3-12h,any,any,any,any,any,own,any,none,20,24,close,156071,7126,455,455,156,299,0.34285714285714286,156,299,69401.68571428592,152.53117739403498,-744.1107142857163,4473.434784455568,3902.284249084246,-1803.8617295747706,44411.685714285704,-28820.932142857146,12.999999999999986,0.02857142857142854,-1.0,1.4255600734344454,2.0,-1.0,2.0,-1.0,0.02004224802859029,0.0,0.4275157614029999,0.40624999999999956,56995.47857142861,32.0,1.1286754175479454,152.531177394035,0.02857142857142858,608756.3428571423,539354.6571428564,4,11,20.493223443223442,30.889957264957264,15.068840579710145,248.0,100.0,0.4032258064516129,0.20967741935483866,207.0,56.0,0.27053140096618356,-0.18840579710144928,455.0,0.34285714285714286,455.0,0.34285714285714286,,,299.0,0.0,156.0,1.0,,,455.0,0.34285714285714286,,,,,,,,,,
M5@H1,wick_touch,any,any,any,both,market,zone,fixed_rr,2.0,1.5,none,20,same,any,until_broken,999,0,any,any,12h-3d,any,any,any,any,any,own,any,none,20,24,close,156071,6212,460,460,159,301,0.3456521739130435,159,301,60045.89642857104,130.5345574534153,-622.4892857142777,3175.7974371764203,3216.3684636118583,-1499.523884670148,24627.992857143,-15731.696428571377,17.000000000000007,0.03695652173913045,-1.0,1.428294638877977,2.0,-1.0,2.0000000000000075,-1.0,0.025874578489045036,0.0,0.5549478836011954,0.5483870967741937,44278.553571428274,31.0,1.133034245096922,130.53455745341512,0.036956521739130443,511402.5857142855,451356.6892857145,5,9,16.132608695652173,21.044025157232703,13.538205980066445,250.0,96.0,0.384,0.15200000000000002,210.0,63.0,0.3,-0.1,460.0,0.3456521739130435,460.0,0.3456521739130435,,,301.0,0.0,159.0,1.0,,,460.0,0.3456521739130435,,,,,,,,,,
M5@H1,wick_touch,any,any,any,both,market,zone,fixed_rr,2.0,1.5,none,20,same,any,until_broken,999,0,any,any,3d+,any,any,any,any,any,own,any,none,20,24,close,156071,4282,443,443,131,312,0.29571106094808125,131,312,-46371.45357142867,-104.67596742986156,-530.9678571428776,3345.3850869407743,3086.398800436208,-1444.5182577838843,24095.750000000044,-22174.73928571435,-50.0,-0.11286681715575621,-1.0,1.370633056450511,2.0,-1.0,2.0,-1.0,-0.08234648699342198,0.0,-1.7331930523256525,-0.704225352112676,73149.15357142856,71.0,0.8971100206219649,-104.67596742986143,-0.1128668171557562,404318.2428571433,450689.69642857194,5,11,11.946012039127163,16.950381679389313,9.844818376068377,253.0,83.0,0.32806324110671936,-0.015810276679841896,190.0,48.0,0.25263157894736843,-0.24210526315789474,443.0,0.29571106094808125,443.0,0.29571106094808125,,,312.0,0.0,131.0,1.0,,,443.0,0.29571106094808125,,,,,,,,,,
M5@M15,wick_touch,any,any,any,both,market,zone,fixed_rr,2.0,1.5,none,20,same,any,until_broken,999,0,any,any,0-3h,any,any,any,any,any,own,any,none,20,24,close,222820,20143,1571,1571,521,1050,0.33163590070019094,519,1051,61598.16071428596,39.20952305174154,-434.75714285714275,2423.959725755369,2205.06526597203,-1035.4674693877541,25346.33571428567,-19541.857142857134,-10.960114515931803,-0.006976521015870019,-1.0,1.4112661179443429,1.9943183982419737,-1.0,2.0,-1.0,-0.00494344824633929,0.0,-0.1959377354324919,-0.23826335904199572,84937.6714285716,46.0,1.0566554881735433,39.209523051741485,-0.006976521015869985,1148839.0035714277,1087240.8428571417,7,16,7.682951410990876,10.80022392834293,6.136190476190476,831.0,309.0,0.37184115523465705,0.1119613543731266,740.0,212.0,0.2864864864864865,-0.14054054054054055,1571.0,0.33163590070019094,1571.0,0.33163590070019094,,,1051.0,0.0009514747859181732,519.0,1.0,1.0,1.0,,,1571.0,0.33163590070019094,,,,,,,,
M5@M15,wick_touch,any,any,any,both,market,zone,fixed_rr,2.0,1.5,none,20,same,any,until_broken,999,0,any,any,3-12h,any,any,any,any,any,own,any,none,20,24,close,222820,13175,1571,1571,521,1050,0.33163590070019094,516,1055,30928.31428571346,19.68702373374504,-309.0928571428776,1900.8085468849065,1728.0755552508904,-827.9990952380956,23798.285714285703,-11988.02857142864,-13.000000000000039,-0.00827498408656909,-1.0,1.40945226412431,1.9904030710172744,-1.0,2.0,-1.0,-0.005871063743836917,0.0,-0.23270455706683632,-0.23214285714285784,53957.52500000116,56.0,1.0355743594218483,19.687023733745036,-0.008274984086569126,900327.3642857139,869399.0500000004,8,13,5.042276681519202,6.8918746001279585,4.12452380952381,868.0,310.0,0.35714285714285715,0.0679723502304147,703.0,211.0,0.30014224751066854,-0.10241820768136557,1571.0,0.33163590070019094,1571.0,0.33163590070019094,,,1055.0,0.004739336492890996,516.0,1.0,,,,,1571.0,0.33163590070019094,,,,,,,,
M5@M15,wick_touch,any,any,any,both,market,zone,fixed_rr,2.0,1.5,none,20,same,any,until_broken,999,0,any,any,12h-3d,any,any,any,any,any,own,any,none,20,24,close,222820,8441,1183,1183,387,796,0.32713440405748095,381,802,-68584.21071428525,-57.974818862455834,-313.87857142858593,1974.412599898616,1615.2438907345895,-871.4618045585069,28824.985714285685,-13882.232142857174,-28.0,-0.023668639053254437,-1.0,1.4026013052218032,1.9844961240310077,-1.0,2.0,-1.0,-0.01687481607577112,0.0,-0.5804053678337885,-0.4666666666666667,97616.84285714284,60.0,0.9011304129614841,-57.97481886245589,-0.02366863905325456,625099.3857142861,693683.5964285715,7,14,5.075795998872922,6.529715762273902,4.368927973199329,679.0,238.0,0.35051546391752575,0.045655375552282766,504.0,149.0,0.29563492063492064,-0.11706349206349206,1183.0,0.32713440405748095,1183.0,0.32713440405748095,,,802.0,0.007481296758104738,381.0,1.0,,,,,1183.0,0.32713440405748095,,,,,,,,
M5@M15,wick_touch,any,any,any,both,market,zone,fixed_rr,2.0,1.5,none,20,same,any,until_broken,999,0,any,any,3d+,any,any,any,any,any,own,any,none,20,24,close,222820,4907,840,840,270,570,0.32142857142857145,269,571,35515.38928571458,42.280225340136404,-250.45892857140188,1833.1531408363285,1766.3066269841308,-774.363859649124,12720.842857142816,-8538.196428571428,-31.0,-0.036904761904761905,-1.0,1.400602608423754,1.9962962962962962,-1.0,2.0,-1.0,-0.026349202609507297,0.0,-0.7636724439520962,-0.41333333333333333,47366.37142857149,75.0,1.0804630791130752,42.28022534013655,-0.036904761904761885,476902.7892857153,441387.4000000007,5,16,4.5569444444444445,7.033641975308642,3.383771929824561,450.0,149.0,0.33111111111111113,-0.006666666666666667,390.0,121.0,0.31025641025641026,-0.07179487179487179,840.0,0.32142857142857145,840.0,0.32142857142857145,,,571.0,0.0017513134851138354,269.0,1.0,,,,,840.0,0.32142857142857145,,,,,,,,
H1@D1,wick_touch,any,any,any,both,market,zone,fixed_rr,2.0,1.5,none,20,same,any,until_broken,999,0,any,any,0-3h,any,any,any,any,any,own,any,none,20,24,close,69416,0,0,0,0,0,0.0,0,0,0.0,0.0,0.0,0.0,0.0,0.0,0.0,0.0,0.0,0.0,0.0,0.0,0.0,0.0,0.0,0.0,0.0,0.0,0.0,0.0,0.0,0.0,0.0,0.0,0.0,0.0,0.0,0,0,0.0,0.0,0.0,,,,,,,,,,,,,,,,,,,,,,,,,,,,,,,,
H1@D1,wick_touch,any,any,any,both,market,zone,fixed_rr,2.0,1.5,none,20,same,any,until_broken,999,0,any,any,3-12h,any,any,any,any,any,own,any,none,20,24,close,69416,0,0,0,0,0,0.0,0,0,0.0,0.0,0.0,0.0,0.0,0.0,0.0,0.0,0.0,0.0,0.0,0.0,0.0,0.0,0.0,0.0,0.0,0.0,0.0,0.0,0.0,0.0,0.0,0.0,0.0,0.0,0.0,0,0,0.0,0.0,0.0,,,,,,,,,,,,,,,,,,,,,,,,,,,,,,,,
H1@D1,wick_touch,any,any,any,both,market,zone,fixed_rr,2.0,1.5,none,20,same,any,until_broken,999,0,any,any,12h-3d,any,any,any,any,any,own,any,none,20,24,close,69416,519,93,93,41,52,0.44086021505376344,41,52,61421.37142857161,660.4448540706625,-1249.4249999999738,8949.213293828694,6718.872473867597,-4116.392307692306,21940.778571428655,-61723.23571428578,30.0,0.3225806451612903,-1.0,1.497543570699383,2.0,-1.0,2.0,-1.0,0.21540651736138713,0.0,2.077305225074983,3.0,77076.43928571432,10.0,1.286945492919358,660.4448540706626,0.32258064516129037,275473.7714285715,214052.3999999999,5,10,455.5376344086022,533.8536585365854,393.78846153846155,47.0,23.0,0.48936170212765956,0.46808510638297873,46.0,18.0,0.391304347826087,0.17391304347826086,93.0,0.44086021505376344,93.0,0.44086021505376344,,,52.0,0.0,41.0,1.0,,,,,,,93.0,0.44086021505376344,,,,,,
H1@D1,wick_touch,any,any,any,both,market,zone,fixed_rr,2.0,1.5,none,20,same,any,until_broken,999,0,any,any,3d+,any,any,any,any,any,own,any,none,20,24,close,69416,7064,231,231,78,153,0.33766233766233766,77,153,-55840.810714285806,-241.73511131725456,-1330.1428571428687,7441.981839814652,6386.210989010992,-3620.6880252100855,32041.007142857234,-63822.92500000003,1.0741940232592384,0.00465019057687982,-1.0,1.4157506989244453,1.975310179785375,-1.0,2.0,-1.0,0.0032846111821894907,0.0,0.049921767925384414,0.03580646744197461,147178.56785714265,30.0,0.8991979931696982,-241.735111317254,0.004650190576879876,498124.45714285737,553965.2678571431,5,11,365.6277056277056,498.4102564102564,297.93464052287584,107.0,41.0,0.38317757009345793,0.13153452358186205,124.0,37.0,0.29838709677419356,-0.10483870967741936,231.0,0.33766233766233766,231.0,0.33766233766233766,,,153.0,0.0,77.0,1.0,1.0,1.0,,,,,231.0,0.33766233766233766,,,,,,
H1@H4,wick_touch,any,any,any,both,market,zone,fixed_rr,2.0,1.5,none,20,same,any,until_broken,999,0,any,any,any,0-1_parent_bars,any,any,any,any,own,any,none,20,24,close,102673,4603,690,690,208,482,0.30144927536231886,208,482,-109935.35714285835,-159.32660455486717,-781.2535714285673,3346.331359525516,3317.587809065931,-1659.737803793718,18404.257142857157,-38461.13928571421,-66.0,-0.09565217391304348,-1.0,1.37766074874703,2.0,-1.0,2.000000000000005,-1.0,-0.06943086242388648,0.0,-1.823799554029447,-0.9166666666666666,135588.06428571546,72.0,0.8625797078899908,-159.32660455486723,-0.09565217391304348,690058.2642857137,799993.6214285721,5,14,79.86376811594202,105.38942307692308,68.84854771784232,343.0,121.0,0.35276967930029157,0.058309037900874605,347.0,87.0,0.2507204610951009,-0.2478386167146974,690.0,0.30144927536231886,690.0,0.30144927536231886,690.0,0.30144927536231886,482.0,0.0,208.0,1.0,,,,,,,,,,,,,,
H1@H4,wick_touch,any,any,any,both,market,zone,fixed_rr,2.0,1.5,none,20,same,any,until_broken,999,0,any,any,any,1-2_parent_bars,any,any,any,any,own,any,none,20,24,close,102673,2405,547,547,190,357,0.3473491773308958,189,357,11601.62500000043,21.209552102377383,-686.0142857143046,3565.0669271215675,3409.280000000001,-1781.9651960784306,18347.678571428536,-20002.839285714253,21.170433194312228,0.03870280291464758,-1.0,1.4272400248697081,1.990370701022696,-1.0,2.000000000000025,-1.0,0.027117234831037434,0.0,0.6342187323079094,1.114233326016433,79115.69642857113,19.0,1.0182369156766509,21.20955210237753,0.03870280291464778,647763.2000000002,636161.5749999997,5,14,162.10603290676417,172.1,156.78711484593836,275.0,112.0,0.4072727272727273,0.21516521161568078,272.0,78.0,0.2867647058823529,-0.13970588235294118,547.0,0.3473491773308958,547.0,0.3473491773308958,547.0,0.3473491773308958,357.0,0.0,189.0,1.0,1.0,1.0,,,,,,,,,,,,
H1@H4,wick_touch,any,any,any,both,market,zone,fixed_rr,2.0,1.5,none,20,same,any,until_broken,999,0,any,any,any,2-4_parent_bars,any,any,any,any,own,any,none,20,24,close,102673,2956,553,553,176,377,0.3182640144665461,172,380,16586.37142857021,29.99343838801123,-736.1678571428456,3683.5018526555973,3766.7910714285667,-1714.5062523683223,35070.564285714136,-14461.324999999943,-29.786457037094248,-0.053863394280459755,-1.0,1.3899491707663736,1.9728042213801464,-1.0,2.0000000000000084,-1.0,-0.03875206044459971,0.0,-0.9112915945799982,-0.3723307129636781,111198.98214285738,80.0,1.0256608455764513,29.9934383880111,-0.05386339428045972,662955.2285714278,646368.8571428575,5,13,161.94032549728752,215.5,136.93633952254643,289.0,109.0,0.3771626297577855,0.11838596180936245,264.0,67.0,0.2537878787878788,-0.24242424242424243,553.0,0.3182640144665461,553.0,0.3182640144665461,553.0,0.3182640144665461,380.0,0.007894736842105263,172.0,1.0,1.0,1.0,,,,,,,,,,,,
H1@H4,wick_touch,any,any,any,both,market,zone,fixed_rr,2.0,1.5,none,20,same,any,until_broken,999,0,any,any,any,4+_parent_bars,any,any,any,any,own,any,none,20,24,close,102673,11328,998,998,307,691,0.3076152304609218,306,691,-92572.10000000002,-92.75761523046094,-658.4910714285684,3719.708200392696,3475.40490926012,-1678.0338743022528,42483.29999999987,-19955.474999999933,-78.45091162016476,-0.07860812787591659,-1.0,1.3837916232315572,1.9952739035173785,-1.0,2.000000000000004,-1.0,-0.05680633308961914,0.0,-1.7945767077867083,-0.7263973298163404,186148.81428571418,108.0,0.9201635265811055,-92.75761523046094,-0.07860812787591664,1066949.3071428568,1159521.4071428566,6,14,159.0691382765531,155.22801302931597,160.77568740955138,540.0,195.0,0.3611111111111111,0.08064645996265786,458.0,112.0,0.2445414847161572,-0.2663755458515284,998.0,0.3076152304609218,998.0,0.3076152304609218,998.0,0.3076152304609218,691.0,0.0,306.0,1.0,1.0,1.0,,,,,,,,,,,,
M15@H4,wick_touch,any,any,any,both,market,zone,fixed_rr,2.0,1.5,none,20,same,any,until_broken,999,0,any,any,any,0-1_parent_bars,any,any,any,any,own,any,none,20,24,close,118270,4315,418,418,133,285,0.3181818181818182,133,285,2983.58214285717,7.137756322624808,-959.6053571428456,4024.907701961144,4118.64887218045,-1911.5674310776935,19302.035714285557,-35771.27857142859,-18.999999999999993,-0.04545454545454545,-1.0,1.398985898246469,2.0,-1.0,2.000000000000039,-1.0,-0.03249106764515607,0.0,-0.6642814473322591,-0.5135135135135134,94540.91428571436,36.99999999999999,1.0054765053552315,7.137756322624682,-0.045454545454545525,547780.2999999998,544796.7178571427,6,13,57.23744019138756,80.35526315789474,46.449122807017545,222.0,79.0,0.35585585585585583,0.06756756756756759,196.0,54.0,0.2755102040816326,-0.17346938775510204,418.0,0.3181818181818182,418.0,0.3181818181818182,418.0,0.3181818181818182,285.0,0.0,133.0,1.0,,,,,,,,,,,,,,
M15@H4,wick_touch,any,any,any,both,market,zone,fixed_rr,2.0,1.5,none,20,same,any,until_broken,999,0,any,any,any,1-2_parent_bars,any,any,any,any,own,any,none,20,24,close,118270,1864,283,283,99,184,0.3498233215547703,98,184,20260.235714285605,71.59093891973713,-910.7607142857205,3803.7923271843433,3730.812554112557,-1897.2293866459643,17233.400000000074,-18408.539285714232,12.274560667941586,0.04337300589378652,-1.0,1.428612130864974,1.9825713198781978,-1.0,2.000000000000008,-1.0,0.030360239113695408,0.0,0.5107382751356464,0.5845028889495993,64745.378571428606,21.0,1.058037250257194,71.59093891973748,0.043373005893786565,369350.4428571431,349090.2071428574,6,12,48.591872791519435,55.86868686868687,44.67663043478261,141.0,59.0,0.41843971631205673,0.2430819905527772,142.0,40.0,0.28169014084507044,-0.15492957746478872,283.0,0.3498233215547703,283.0,0.3498233215547703,283.0,0.3498233215547703,184.0,0.0,98.0,1.0,1.0,1.0,,,,,,,,,,,,
M15@H4,wick_touch,any,any,any,both,market,zone,fixed_rr,2.0,1.5,none,20,same,any,until_broken,999,0,any,any,any,2-4_parent_bars,any,any,any,any,own,any,none,20,24,close,118270,2343,246,246,79,167,0.32113821138211385,78,167,23705.2214285711,96.36268873402886,-978.8000000000011,3889.286467593158,4229.4681735985505,-1858.818947818649,26362.185714285624,-8638.957142857134,-10.722180552015748,-0.043586099804942074,-1.0,1.3976800685188082,1.9782002461770158,-1.0,2.0,-1.0,-0.031184604250050194,0.0,-0.4891114059078291,-0.42888722208062996,42516.90714285724,25.0,1.0763643139481638,96.36268873402923,-0.04358609980494199,334127.9857142855,310422.76428571437,4,10,52.326219512195124,72.61392405063292,42.72904191616767,122.0,45.0,0.36885245901639346,0.09244114301626435,124.0,34.0,0.27419354838709675,-0.1774193548387097,246.0,0.32113821138211385,246.0,0.32113821138211385,246.0,0.32113821138211385,167.0,0.0,78.0,1.0,1.0,1.0,,,,,,,,,,,,
M15@H4,wick_touch,any,any,any,both,market,zone,fixed_rr,2.0,1.5,none,20,same,any,until_broken,999,0,any,any,any,4+_parent_bars,any,any,any,any,own,any,none,20,24,close,118270,5711,426,426,126,300,0.29577464788732394,125,300,-73342.36785714341,-172.16518276324746,-819.858928571432,4383.105326777861,3987.5484126984047,-1919.2448928571414,48734.34285714284,-19193.52142857133,-49.72461320003838,-0.11672444413154548,-1.0,1.3670679315744356,1.986312593650489,-1.0,2.00000000000001,-1.0,-0.08538306066262219,0.0,-1.76228651543892,-0.9562425615391995,93759.37500000035,52.0,0.8726194033738617,-172.16518276324746,-0.11672444413154548,502431.099999999,575773.4678571424,6,13,51.35328638497653,67.57936507936508,44.538333333333334,243.0,85.0,0.3497942386831276,0.04228554238667335,183.0,41.0,0.22404371584699453,-0.32786885245901637,426.0,0.29577464788732394,426.0,0.29577464788732394,426.0,0.29577464788732394,300.0,0.0,125.0,1.0,1.0,1.0,,,,,,,,,,,,
M15@H1,wick_touch,any,any,any,both,market,zone,fixed_rr,2.0,1.5,none,20,same,any,until_broken,999,0,any,any,any,0-1_parent_bars,any,any,any,any,own,any,none,20,24,close,173461,5495,1116,1116,401,715,0.3593189964157706,400,715,132378.4857142845,118.61871479774597,-470.36428571428814,2660.5320671035147,2353.6777876736696,-1134.88994005994,34240.65714285716,-20087.28928571427,85.45569385025094,0.07657320237477681,-1.0,1.4389408289395131,1.9961488624694539,-1.0,2.000000000000009,-1.0,0.0532149764846207,0.0,1.777730697839453,2.4415912528643116,34634.53571428648,35.000000000000014,1.163138934207977,118.61871479774584,0.07657320237477683,943824.7928571416,811446.3071428571,8,13,21.379032258064516,29.208852867830423,16.987762237762237,557.0,223.0,0.400359066427289,0.19830465682271264,559.0,178.0,0.3184257602862254,-0.044722719141323794,1116.0,0.3593189964157706,1116.0,0.3593189964157706,,,715.0,0.0,400.0,1.0,1.0,1.0,1116.0,0.3593189964157706,,,,,,,,,,
M15@H1,wick_touch,any,any,any,both,market,zone,fixed_rr,2.0,1.5,none,20,same,any,until_broken,999,0,any,any,any,1-2_parent_bars,any,any,any,any,own,any,none,20,24,close,173461,5615,1026,1026,349,677,0.3401559454191033,348,678,-43124.26428571422,-42.03144667223608,-470.57499999999663,2467.447299823353,2161.9402476463365,-1178.2000158261235,17236.385714285643,-29551.014285714336,20.000000000000014,0.019493177387914246,-1.0,1.4209615900654078,1.997134670487106,-1.0,2.0000000000000187,-1.0,0.013718300004869914,0.0,0.43941408791051273,0.5000000000000003,121475.40357142946,40.0,0.9459352740386229,-42.03144667223603,0.01949317738791423,754517.1464285714,797641.4107142856,8,13,20.810672514619885,25.302292263610315,18.49519940915805,535.0,202.0,0.3775700934579439,0.13084112149532712,491.0,147.0,0.29938900203665986,-0.10183299389002037,1026.0,0.3401559454191033,1026.0,0.3401559454191033,,,678.0,0.0014749262536873156,348.0,1.0,,,1026.0,0.3401559454191033,,,,,,,,,,
M15@H1,wick_touch,any,any,any,both,market,zone,fixed_rr,2.0,1.5,none,20,same,any,until_broken,999,0,any,any,any,2-4_parent_bars,any,any,any,any,own,any,none,20,24,close,173461,5241,958,958,320,638,0.33402922755741127,319,639,-50535.14642857156,-52.750674768863846,-424.2517857142843,2544.7313114863123,1975.2908035714281,-1069.9501623376623,45086.578571428436,-16587.32857142859,1.0000000000000284,0.0010438413361169398,-1.0,1.4145825678751018,1.996875,-1.0,2.000000000000027,-1.0,0.0007379147458920928,0.0,0.02283962366091837,0.01612903225806498,92315.23214285783,61.99999999999997,0.9259697355541746,-52.750674768863746,0.0010438413361169019,632093.057142857,682628.2035714285,6,12,15.938413361169102,19.73046875,14.036442006269592,499.0,169.0,0.33867735470941884,0.016032064128256567,459.0,151.0,0.3289760348583878,-0.015250544662309368,958.0,0.33402922755741127,958.0,0.33402922755741127,,,639.0,0.001564945226917058,319.0,1.0,,,958.0,0.33402922755741127,,,,,,,,,,
M15@H1,wick_touch,any,any,any,both,market,zone,fixed_rr,2.0,1.5,none,20,same,any,until_broken,999,0,any,any,any,4+_parent_bars,any,any,any,any,own,any,none,20,24,close,173461,17163,1376,1376,426,950,0.30959302325581395,418,957,-97554.82142857033,-70.89739929401914,-436.0482142857222,2395.6314730134536,2184.552942655937,-1082.288815789473,21667.035714285885,-22327.3964285715,-106.20424070861347,-0.07718331446846909,-1.0,1.3807602747738996,1.9807412189938651,-1.0,2.0,-1.0,-0.05589914185582135,0.0,-2.0735492631859316,-0.8297206305360427,120024.53928571304,128.0,0.9051184081216085,-70.89739929401901,-0.07718331446846904,930619.5535714291,1028174.3749999993,5,15,19.5577761627907,26.524647887323944,16.433684210526316,748.0,258.0,0.3449197860962567,0.026464918838752037,628.0,168.0,0.267515923566879,-0.20063694267515925,1376.0,0.30959302325581395,1376.0,0.30959302325581395,,,957.0,0.0073145245559038665,418.0,1.0,1.0,1.0,1376.0,0.30959302325581395,,,,,,,,,,
M5@H1,wick_touch,any,any,any,both,market,zone,fixed_rr,2.0,1.5,none,20,same,any,until_broken,999,0,any,any,any,0-1_parent_bars,any,any,any,any,own,any,none,20,24,close,156071,4163,519,519,180,339,0.3468208092485549,180,339,91711.09285714194,176.7073080099074,-706.5107142856959,4038.849920423427,3589.6101587301523,-1635.4534976822586,46917.23571428574,-18960.307142857164,21.0,0.04046242774566474,-1.0,1.4292519636891012,2.0,-1.0,2.0,-1.0,0.0283102131559963,0.0,0.6449511451875979,0.8076923076923077,57859.21071428574,26.0,1.1654184589180336,176.70730800990714,0.040462427745664775,646129.8285714274,554418.7357142856,6,10,17.17630057803468,23.28796296296296,13.93117010816126,260.0,106.0,0.4076923076923077,0.2230769230769231,259.0,74.0,0.2857142857142857,-0.14285714285714285,519.0,0.3468208092485549,519.0,0.3468208092485549,,,339.0,0.0,180.0,1.0,,,519.0,0.3468208092485549,,,,,,,,,,
M5@H1,wick_touch,any,any,any,both,market,zone,fixed_rr,2.0,1.5,none,20,same,any,until_broken,999,0,any,any,any,1-2_parent_bars,any,any,any,any,own,any,none,20,24,close,156071,3677,416,416,139,277,0.33413461538461536,139,277,-35518.242857143836,-85.38039148351884,-714.1910714285586,3587.427790448966,3396.065313463507,-1832.387441980402,16141.921428571368,-28820.932142857146,0.9999999999999769,0.002403846153846103,-1.0,1.4167650204823237,2.0,-1.0,2.0,-1.0,0.001696714782686925,0.0,0.03460632714368789,0.03571428571428489,102098.85714285719,28.0,0.9300231487524218,-85.3803914835189,0.0024038461538461453,472053.0785714275,507571.32142857136,5,10,18.93469551282051,28.199640287769785,14.285499398315283,229.0,90.0,0.3930131004366812,0.17903930131004359,187.0,49.0,0.2620320855614973,-0.21390374331550802,416.0,0.33413461538461536,416.0,0.33413461538461536,,,277.0,0.0,139.0,1.0,,,416.0,0.33413461538461536,,,,,,,,,,
M5@H1,wick_touch,any,any,any,both,market,zone,fixed_rr,2.0,1.5,none,20,same,any,until_broken,999,0,any,any,any,2-4_parent_bars,any,any,any,any,own,any,none,20,24,close,156071,3253,386,386,115,271,0.2979274611398964,115,271,-44589.97142857133,-115.51806069578063,-734.4017857142717,3743.957688184262,3477.768385093172,-1640.3444122298383,44411.685714285704,-16010.39285714287,-41.0,-0.10621761658031088,-1.0,1.3738230643937663,2.0,-1.0,2.0,-1.0,-0.07731535401699058,0.0,-1.519005691620086,-0.6833333333333333,75825.98214285723,60.0,0.8996926262978159,-115.51806069578106,-0.10621761658031093,399943.3642857148,444533.3357142862,5,15,15.351252158894646,20.297826086956523,13.252152521525216,216.0,70.0,0.32407407407407407,-0.027777777777777776,170.0,45.0,0.2647058823529412,-0.20588235294117646,386.0,0.2979274611398964,386.0,0.2979274611398964,,,271.0,0.0,115.0,1.0,,,386.0,0.2979274611398964,,,,,,,,,,
M5@H1,wick_touch,any,any,any,both,market,zone,fixed_rr,2.0,1.5,none,20,same,any,until_broken,999,0,any,any,any,4+_parent_bars,any,any,any,any,own,any,none,20,24,close,156071,9276,659,659,205,454,0.3110773899848255,205,454,-49923.92857142819,-75.75709950140848,-639.3642857143277,3289.640586649563,3069.5801045296225,-1496.0084801762127,24627.992857143,-22174.73928571435,-43.99999999999999,-0.06676783004552352,-1.0,1.3898580843551662,2.0,-1.0,2.0000000000000075,-1.0,-0.04803931480277779,0.0,-1.2332170248049341,-0.6567164179104477,78212.54285714238,67.0,0.9264946677543954,-75.75709950140822,-0.06676783004552356,629263.9214285726,679187.8500000006,7,11,13.957132018209409,17.597560975609756,12.313325991189428,375.0,133.0,0.3546666666666667,0.06400000000000002,284.0,72.0,0.2535211267605634,-0.23943661971830985,659.0,0.3110773899848255,659.0,0.3110773899848255,,,454.0,0.0,205.0,1.0,,,659.0,0.3110773899848255,,,,,,,,,,
M5@M15,wick_touch,any,any,any,both,market,zone,fixed_rr,2.0,1.5,none,20,same,any,until_broken,999,0,any,any,any,0-1_parent_bars,any,any,any,any,own,any,none,20,24,close,222820,7476,1504,1504,511,993,0.33976063829787234,510,993,127324.8250000005,84.6574634308514,-413.5678571428343,2311.4921953303133,2112.5515376013427,-958.9013199539635,25346.33571428567,-19541.857142857134,27.03988548406822,0.01797864726334323,-1.0,1.42043714520993,1.9961641594600161,-1.0,2.0,-1.0,0.01265712272026378,0.0,0.49086143091095447,0.4159982382164341,40785.778571428076,65.0,1.1337180156117193,84.6574634308513,0.017978647263343306,1079513.8357142862,952189.0107142858,7,15,6.925919769503547,9.58904109589041,5.5554716347767705,759.0,279.0,0.3675889328063241,0.10018430235055102,745.0,232.0,0.31140939597315437,-0.06577181208053691,1504.0,0.33976063829787234,1504.0,0.33976063829787234,,,993.0,0.0,510.0,1.0,1.0,1.0,,,1504.0,0.33976063829787234,,,,,,,,
M5@M15,wick_touch,any,any,any,both,market,zone,fixed_rr,2.0,1.5,none,20,same,any,until_broken,999,0,any,any,any,1-2_parent_bars,any,any,any,any,own,any,none,20,24,close,222820,7878,1319,1319,460,859,0.34874905231235787,459,860,94008.23928571265,71.27235730531665,-427.6821428571566,2405.3476876601444,2218.644992236021,-1078.6594378845834,26902.071428571435,-17485.407142857184,60.00000000000006,0.04548900682335107,-1.0,1.4294938617397392,1.9978260869565216,-1.0,2.000000000000065,-1.0,0.031821757365218424,0.0,1.1557038439619767,2.3076923076923097,65252.28571428568,26.0,1.1014584929597042,71.27235730531663,0.045489006823351,1020576.6964285697,926568.4571428571,6,11,7.403019964619662,9.86105072463768,6.0867287543655415,698.0,266.0,0.38108882521489973,0.14183381088825225,621.0,194.0,0.31239935587761675,-0.06280193236714976,1319.0,0.34874905231235787,1319.0,0.34874905231235787,,,860.0,0.0011627906976744186,459.0,1.0,,,,,1319.0,0.34874905231235787,,,,,,,,
M5@M15,wick_touch,any,any,any,both,market,zone,fixed_rr,2.0,1.5,none,20,same,any,until_broken,999,0,any,any,any,2-4_parent_bars,any,any,any,any,own,any,none,20,24,close,222820,8105,1344,1344,442,902,0.3288690476190476,441,903,16202.749999999323,12.055617559523306,-351.1446428571162,1927.327720766691,1855.4630171299266,-891.2548820082355,16255.021428571308,-16614.121428571434,-19.0,-0.014136904761904762,-1.0,1.409131849043666,1.997737556561086,-1.0,2.0,-1.0,-0.010032350607573763,0.0,-0.3677920484603438,-0.20212765957446807,97312.65000000021,94.0,1.0201548825536944,12.05561755952317,-0.014136904761904656,820114.6535714276,803911.9035714285,5,18,6.182415674603174,7.733220211161388,5.422487065779748,715.0,242.0,0.3384615384615385,0.013986013986013986,629.0,200.0,0.3179650238473768,-0.046104928457869634,1344.0,0.3288690476190476,1344.0,0.3288690476190476,,,903.0,0.0011074197120708748,441.0,1.0,,,,,1344.0,0.3288690476190476,,,,,,,,
M5@M15,wick_touch,any,any,any,both,market,zone,fixed_rr,2.0,1.5,none,20,same,any,until_broken,999,0,any,any,any,4+_parent_bars,any,any,any,any,own,any,none,20,24,close,222820,23207,2309,2309,728,1581,0.3152880034647033,718,1591,-128488.81785714124,-55.64695446389833,-298.1821428571493,1828.2956978301986,1631.3146536499244,-832.4388903948678,23798.285714285703,-13882.232142857174,-135.0,-0.0584668687743612,-1.0,1.3893484023019458,1.9862637362637363,-1.0,2.0,-1.0,-0.04208222262860072,0.0,-2.0221372807718647,-0.8823529411764706,151094.60714285556,153.0,0.9023704917347353,-55.64695446389828,-0.05846686877436125,1187597.0678571449,1316085.885714286,5,17,4.603074924209615,6.448031135531136,3.7535315201349353,1326.0,442.0,0.3333333333333333,-0.004524886877828055,983.0,286.0,0.29094608341810785,-0.13123092573753814,2309.0,0.3152880034647033,2309.0,0.3152880034647033,,,1591.0,0.006285355122564425,718.0,1.0,,,,,2309.0,0.3152880034647033,,,,,,,,
H1@D1,wick_touch,any,any,any,both,market,zone,fixed_rr,2.0,1.5,none,20,same,any,until_broken,999,0,any,any,any,0-1_parent_bars,any,any,any,any,own,any,none,20,24,close,69416,2048,140,140,61,79,0.4357142857142857,60,79,29542.36071428579,211.0168622448985,-1379.4357142857166,8186.056609148043,6474.471896955505,-4625.321835443038,19263.564285714256,-61723.23571428578,41.07419402325924,0.2933871001661374,-1.0,1.4860378154820786,1.9684294102173645,-1.0,2.0,-1.0,0.197429094407642,0.0,2.336012548041433,4.563799335917693,149720.1821428571,9.0,1.0808492784711068,211.01686224489868,0.29338710016613745,394942.7857142858,365400.42500000005,6,9,477.9,584.639344262295,395.4810126582278,67.0,35.0,0.5223880597014925,0.538420806317302,73.0,26.0,0.3561643835616438,0.0684931506849315,140.0,0.4357142857142857,140.0,0.4357142857142857,,,79.0,0.0,60.0,1.0,1.0,1.0,,,,,140.0,0.4357142857142857,,,,,,
H1@D1,wick_touch,any,any,any,both,market,zone,fixed_rr,2.0,1.5,none,20,same,any,until_broken,999,0,any,any,any,1-2_parent_bars,any,any,any,any,own,any,none,20,24,close,69416,1433,119,119,42,77,0.35294117647058826,41,77,-3771.7250000001804,-31.69516806722841,-1830.8107142857125,8877.787252010134,7121.443537414961,-3933.407189239332,32041.007142857234,-63374.778571428666,5.074194023259238,0.0426402859097415,-1.0,1.4284907872995825,1.9541474767442675,-1.0,2.0,-1.0,0.02984988512970997,0.0,0.32562380353495163,0.2984820013681905,76805.7500000002,17.0,0.9875468164871288,-31.695168067228224,0.04264028590974156,299100.62857142836,302872.35357142857,5,9,426.0840336134454,601.9285714285714,330.16883116883116,67.0,25.0,0.373134328358209,0.09065961228745131,52.0,17.0,0.3269230769230769,-0.019230769230769232,119.0,0.35294117647058826,119.0,0.35294117647058826,,,77.0,0.0,41.0,1.0,1.0,1.0,,,,,119.0,0.35294117647058826,,,,,,
H1@D1,wick_touch,any,any,any,both,market,zone,fixed_rr,2.0,1.5,none,20,same,any,until_broken,999,0,any,any,any,2-4_parent_bars,any,any,any,any,own,any,none,20,24,close,69416,1306,122,122,37,85,0.30327868852459017,37,85,-137205.2071428569,-1124.6328454332534,-1299.289285714292,7228.652605617616,4832.9399613899695,-3717.9292436974793,10421.171428571506,-59771.135714285716,-11.0,-0.09016393442622951,-1.0,1.3847104799918533,2.0,-1.0,2.0,-1.0,-0.06511392506162009,0.0,-0.7192068095516712,-0.7333333333333333,139190.72142857115,15.0,0.5658392611157598,-1124.6328454332527,-0.0901639344262295,178818.77857142888,316023.98571428575,3,9,330.22131147540983,421.4594594594595,290.50588235294117,63.0,22.0,0.3492063492063492,0.047619047619047616,59.0,15.0,0.2542372881355932,-0.23728813559322035,122.0,0.30327868852459017,122.0,0.30327868852459017,,,85.0,0.0,37.0,1.0,,,,,,,122.0,0.30327868852459017,,,,,,
H1@D1,wick_touch,any,any,any,both,market,zone,fixed_rr,2.0,1.5,none,20,same,any,until_broken,999,0,any,any,any,4+_parent_bars,any,any,any,any,own,any,none,20,24,close,69416,2796,188,188,70,118,0.3723404255319149,69,118,41028.44642857126,218.2364171732514,-846.6571428571456,5587.760747871961,5125.684897959182,-2692.9618341404366,41346.0,-16988.617857142843,20.724505868671013,0.11023673334399475,-1.0,1.448289248827951,1.9817786552667287,-1.0,2.0,-1.0,0.07611513613955598,0.0,1.0436381664705974,1.7270421557225843,78085.91785714292,12.0,1.1291138604859565,218.2364171732513,0.11023673334399475,358797.94285714277,317769.4964285715,4,10,295.6223404255319,372.3857142857143,250.08474576271186,82.0,33.0,0.4024390243902439,0.2073170731707317,106.0,37.0,0.3490566037735849,0.03513684781765108,188.0,0.3723404255319149,188.0,0.3723404255319149,,,118.0,0.0,69.0,1.0,1.0,1.0,,,,,188.0,0.3723404255319149,,,,,,
H1@H4,wick_touch,any,any,any,both,market,zone,fixed_rr,2.0,1.5,none,20,same,any,until_broken,999,0,any,any,any,any,inside,any,any,any,own,any,none,20,24,close,102673,10527,531,531,153,378,0.288135593220339,152,379,-158671.62857142813,-298.81662631154074,-688.0107142857241,3431.749222419705,3101.4675536881437,-1675.1221277399845,27982.521428571454,-19955.474999999933,-73.00000000000001,-0.13747645951035783,-1.0,1.3576924224828837,1.9934640522875817,-1.0,2.0,-1.0,-0.10125744036999734,0.0,-2.333319472614193,-0.9605263157894737,188110.04642857116,76.00000000000001,0.7494115765050157,-298.81662631154063,-0.1374764595103578,474524.535714286,633196.1642857142,5,11,78.04143126177024,95.73856209150327,70.87830687830687,263.0,82.0,0.311787072243346,-0.06463878326996203,268.0,71.0,0.26492537313432835,-0.208955223880597,531.0,0.288135593220339,531.0,0.288135593220339,531.0,0.288135593220339,379.0,0.002638522427440633,152.0,1.0,,,,,,,,,,,,,,
H1@H4,wick_touch,any,any,any,both,market,zone,fixed_rr,2.0,1.5,none,20,same,any,until_broken,999,0,any,any,any,any,outside,any,any,any,own,any,none,20,24,close,102673,10765,636,636,209,427,0.32861635220125784,209,427,-21778.70000000058,-34.2432389937116,-698.8750000000095,4537.685854053748,4216.416199589881,-2114.776781532285,24125.785714285666,-38461.13928571421,-8.999999999999998,-0.01415094339622641,-1.0,1.410239629779522,2.0,-1.0,2.000000000000005,-1.0,-0.010034424715775984,0.0,-0.2530585625571723,-0.2045454545454545,133925.33571428593,44.0,0.975882097008989,-34.24323899371143,-0.014150943396226467,881230.9857142852,903009.6857142857,6,12,237.04559748427673,300.0,206.23185011709603,344.0,137.0,0.39825581395348836,0.19476744186046513,292.0,72.0,0.2465753424657534,-0.2602739726027397,636.0,0.32861635220125784,636.0,0.32861635220125784,636.0,0.32861635220125784,427.0,0.0,209.0,1.0,,,,,,,,,,,,,,
M15@H4,wick_touch,any,any,any,both,market,zone,fixed_rr,2.0,1.5,none,20,same,any,until_broken,999,0,any,any,any,any,inside,any,any,any,own,any,none,20,24,close,118270,9932,337,337,94,243,0.2789317507418398,94,243,-131494.2249999997,-390.1905786350139,-968.885714285716,4079.947942550607,3792.5028875379944,-2008.187228101116,27062.957142857158,-19996.649999999954,-54.99999999999999,-0.16320474777448066,-1.0,1.3474222953039456,2.0,-1.0,2.00000000000001,-1.0,-0.12112368063322393,0.0,-2.223535204447395,-0.8870967741935484,164642.37142857118,61.99999999999999,0.7305388210968451,-390.1905786350137,-0.16320474777448057,356495.2714285715,487989.4964285712,3,13,63.853115727002965,83.80319148936171,56.135802469135804,162.0,51.0,0.3148148148148148,-0.05555555555555549,175.0,43.0,0.24571428571428572,-0.26285714285714284,337.0,0.2789317507418398,337.0,0.2789317507418398,337.0,0.2789317507418398,243.0,0.0,94.0,1.0,,,,,,,,,,,,,,
M15@H4,wick_touch,any,any,any,both,market,zone,fixed_rr,2.0,1.5,none,20,same,any,until_broken,999,0,any,any,any,any,outside,any,any,any,own,any,none,20,24,close,118270,4301,233,233,73,160,0.3133047210300429,73,160,-74319.20714285788,-318.9665542611926,-1165.007142857121,5122.967417677844,4805.930724070437,-2657.200937499999,19302.035714285557,-35771.27857142859,-14.000000000000009,-0.060085836909871286,-1.0,1.3945070787200278,2.0,-1.0,2.000000000000005,-1.0,-0.04308750943381521,0.0,-0.657702287000527,-0.7777777777777782,135322.20000000042,18.0,0.8251938579097908,-318.96655426119287,-0.06008583690987124,350832.9428571419,425152.1499999998,5,14,55.45922746781116,68.5582191780822,49.4828125,140.0,51.0,0.36428571428571427,0.09285714285714278,93.0,22.0,0.23655913978494625,-0.2903225806451613,233.0,0.3133047210300429,233.0,0.3133047210300429,233.0,0.3133047210300429,160.0,0.0,73.0,1.0,,,,,,,,,,,,,,
M15@H1,wick_touch,any,any,any,both,market,zone,fixed_rr,2.0,1.5,none,20,same,any,until_broken,999,0,any,any,any,any,inside,any,any,any,own,any,none,20,24,close,173461,21947,1014,1014,310,704,0.3057199211045365,305,708,-99967.18214285804,-98.58696463792707,-426.7035714285612,1988.6469392119186,1811.8660714285688,-939.837591314935,16675.0,-22327.3964285715,-89.54430614974908,-0.08830799423052177,-1.0,1.3768284724185138,1.9821151414524225,-1.0,2.0,-1.0,-0.06413870427548715,0.0,-2.0423922770967216,-0.7924274880508767,136792.9500000008,113.00000000000001,0.848911301714977,-98.58696463792694,-0.08830799423052171,561678.4821428563,661645.6642857143,5,18,21.203648915187376,29.258870967741935,17.656605113636363,495.0,167.0,0.3373737373737374,0.004960997677274592,519.0,143.0,0.27552986512524086,-0.17726396917148363,1014.0,0.3057199211045365,1014.0,0.3057199211045365,,,708.0,0.005649717514124294,305.0,1.0,1.0,1.0,1014.0,0.3057199211045365,,,,,,,,,,
M15@H1,wick_touch,any,any,any,both,market,zone,fixed_rr,2.0,1.5,none,20,same,any,until_broken,999,0,any,any,any,any,outside,any,any,any,own,any,none,20,24,close,173461,11567,650,650,221,429,0.34,220,430,47291.503571428926,72.75615934065989,-545.5446428571349,3370.8650916151946,3020.362637362639,-1445.7077838827836,24816.2928571428,-29551.014285714336,12.0,0.018461538461538463,-1.0,1.4206155817215251,1.995475113122172,-1.0,2.0,-1.0,0.012995449788862986,0.0,0.331320260306638,0.2857142857142857,58699.56785714304,42.0,1.0762509590738594,72.75615934066036,0.01846153846153864,667500.1428571432,620208.6392857141,5,12,23.555384615384614,25.6131221719457,22.495337995337994,417.0,161.0,0.38609112709832133,0.15587529976019185,233.0,60.0,0.2575107296137339,-0.22746781115879827,650.0,0.34,650.0,0.34,,,430.0,0.002325581395348837,220.0,1.0,,,650.0,0.34,,,,,,,,,,
M5@H1,wick_touch,any,any,any,both,market,zone,fixed_rr,2.0,1.5,none,20,same,any,until_broken,999,0,any,any,any,any,inside,any,any,any,own,any,none,20,24,close,156071,10138,367,367,112,255,0.30517711171662126,112,255,-116408.53928571583,-317.1894803425499,-658.3749999999782,3029.6097902383694,2751.9117346938706,-1665.1868767507037,14457.878571428591,-22174.73928571435,-31.0,-0.08446866485013624,-1.0,1.383333140486173,2.0,-1.0,2.0,-1.0,-0.061061693946296756,0.0,-1.1697737736870217,-0.7948717948717948,135601.10357142985,39.0,0.7258541476611685,-317.18948034255016,-0.08446866485013615,308214.1142857135,424622.65357142943,5,12,15.735694822888284,18.529761904761905,14.508496732026144,172.0,57.0,0.3313953488372093,-0.005813953488372093,195.0,55.0,0.28205128205128205,-0.15384615384615385,367.0,0.30517711171662126,367.0,0.30517711171662126,,,255.0,0.0,112.0,1.0,,,367.0,0.30517711171662126,,,,,,,,,,
M5@H1,wick_touch,any,any,any,both,market,zone,fixed_rr,2.0,1.5,none,20,same,any,until_broken,999,0,any,any,any,any,outside,any,any,any,own,any,none,20,24,close,156071,10231,474,474,156,318,0.3291139240506329,156,318,56716.735714285416,119.65556057866121,-674.4821428571413,4345.616524184575,3717.245192307689,-1645.1997304582205,46917.23571428574,-28820.932142857146,-6.0,-0.012658227848101266,-1.0,1.411163623005534,2.0,-1.0,2.0,-1.0,-0.008970063883266374,0.0,-0.19529211411913955,-0.15789473684210525,85634.74285714293,38.0,1.1084090347955027,119.65556057866092,-0.012658227848101333,579890.2499999995,523173.51428571413,5,11,15.402074542897328,24.181623931623932,11.095125786163521,293.0,108.0,0.36860068259385664,0.10580204778156997,181.0,48.0,0.26519337016574585,-0.20441988950276244,474.0,0.3291139240506329,474.0,0.3291139240506329,,,318.0,0.0,156.0,1.0,,,474.0,0.3291139240506329,,,,,,,,,,
M5@M15,wick_touch,any,any,any,both,market,zone,fixed_rr,2.0,1.5,none,20,same,any,until_broken,999,0,any,any,any,any,inside,any,any,any,own,any,none,20,24,close,222820,22479,1161,1161,335,826,0.2885443583118002,334,827,-88034.66071428513,-75.82658114925506,-374.0964285713744,1812.1875002882268,1813.7625586353959,-842.1853727084052,12461.549999999988,-9922.789285714225,-157.0,-0.13522825150732126,-1.0,1.3588056255508918,1.9970149253731344,-1.0,2.0,-1.0,-0.09951993792526179,0.0,-3.390987636343766,-0.7889447236180904,142887.8607142862,199.0,0.8734488916051534,-75.82658114925505,-0.1352282515073212,607610.4571428576,695645.1178571427,6,17,5.189348262991674,6.840547263681592,4.519673123486683,594.0,179.0,0.30134680134680136,-0.09595959595959595,567.0,156.0,0.2751322751322751,-0.1763668430335097,1161.0,0.2885443583118002,1161.0,0.2885443583118002,,,827.0,0.0012091898428053204,334.0,1.0,,,,,1161.0,0.2885443583118002,,,,,,,,
M5@M15,wick_touch,any,any,any,both,market,zone,fixed_rr,2.0,1.5,none,20,same,any,until_broken,999,0,any,any,any,any,outside,any,any,any,own,any,none,20,24,close,222820,24187,1238,1238,412,826,0.33279483037156704,411,827,18536.94642857158,14.973300830833264,-403.4642857142899,2380.895618706125,2073.0056692094304,-1011.5513187478374,25346.33571428567,-19541.857142857134,-3.0,-0.0024232633279483036,-1.0,1.4133537776281153,1.9975728155339805,-1.0,2.0,-1.0,-0.0017145483079367536,0.0,-0.06032676656765217,-0.05,106897.94642857116,60.0,1.0221855513877278,14.973300830833296,-0.0024232633279482885,854078.3357142854,835541.3892857137,7,14,5.893914916532041,8.496763754045308,4.595641646489105,741.0,272.0,0.36707152496626183,0.09986504723346828,497.0,140.0,0.28169014084507044,-0.15492957746478872,1238.0,0.33279483037156704,1238.0,0.33279483037156704,,,827.0,0.0012091898428053204,411.0,1.0,,,,,1238.0,0.33279483037156704,,,,,,,,
H1@D1,wick_touch,any,any,any,both,market,zone,fixed_rr,2.0,1.5,none,20,same,any,until_broken,999,0,any,any,any,any,inside,any,any,any,own,any,none,20,24,close,69416,4842,96,96,37,59,0.3854166666666667,36,59,23362.06071428545,243.3547991071401,-1557.6714285714274,10020.89742075973,8093.627799227795,-4679.697760290559,31268.685714285675,-63822.92500000003,13.074194023259238,0.13618952107561708,-1.0,1.4553890293107201,1.9479511898178172,-1.0,2.0,-1.0,0.09357602560747427,0.0,0.9168540595836969,1.188563093023567,96675.52142857139,11.0,1.0846138257283553,243.35479910714048,0.13618952107561721,299464.2285714284,276102.167857143,5,9,516.3333333333334,700.1081081081081,401.08474576271186,45.0,20.0,0.4444444444444444,0.2905376449613164,51.0,17.0,0.3333333333333333,0.0,96.0,0.3854166666666667,96.0,0.3854166666666667,,,59.0,0.0,36.0,1.0,1.0,1.0,,,,,96.0,0.3854166666666667,,,,,,
H1@D1,wick_touch,any,any,any,both,market,zone,fixed_rr,2.0,1.5,none,20,same,any,until_broken,999,0,any,any,any,any,outside,any,any,any,own,any,none,20,24,close,69416,2741,160,160,56,104,0.35,56,104,-91013.6249999998,-568.8351562499987,-1226.4714285714376,7265.282548019949,5451.972704081639,-3810.808619505496,15621.235714285694,-61723.23571428578,8.0,0.05,-1.0,1.4354014624802938,2.0,-1.0,2.0,-1.0,0.034833460399018114,0.0,0.44061229458469964,0.34782608695652173,167650.49642857147,23.0,0.7703555604613535,-568.8351562499993,0.04999999999999993,305310.4714285718,396324.0964285716,4,13,389.125,509.07142857142856,324.53846153846155,73.0,30.0,0.410958904109589,0.2328767123287671,87.0,26.0,0.2988505747126437,-0.10344827586206896,160.0,0.35,160.0,0.35,,,104.0,0.0,56.0,1.0,,,,,,,160.0,0.35,,,,,,
H1@H4,wick_touch,any,any,any,both,market,zone,fixed_rr,2.0,1.5,none,20,same,any,until_broken,999,0,any,any,any,any,any,continuation,any,any,own,any,none,20,24,close,102673,1992,242,242,79,163,0.32644628099173556,78,164,41064.07857142783,169.68627508854476,-683.8374999999928,4572.278639323983,4451.697106690772,-1905.6441279579328,24125.785714285666,-15794.303571428554,-6.000000000000005,-0.024793388429752088,-1.0,1.4051642151924273,1.9873417721518987,-1.0,2.0,-1.0,-0.01764447753628341,0.0,-0.27448365376079353,-0.22222222222222243,55616.94642857153,27.0,1.1322003718875675,169.68627508854524,-0.024793388429751984,351684.07142857095,310619.99285714305,5,14,103.08677685950413,152.49367088607596,79.14110429447852,127.0,54.0,0.4251968503937008,0.26771653543307083,115.0,25.0,0.21739130434782608,-0.34782608695652173,242.0,0.32644628099173556,242.0,0.32644628099173556,242.0,0.32644628099173556,164.0,0.006097560975609756,78.0,1.0,,,,,,,,,,,,,,
H1@H4,wick_touch,any,any,any,both,market,zone,fixed_rr,2.0,1.5,none,20,same,any,until_broken,999,0,any,any,any,any,any,pullback,any,any,own,any,none,20,24,close,102673,2094,257,257,90,167,0.35019455252918286,90,167,-33871.98214285692,-131.7975958866028,-621.6392857142864,4209.652644668874,3185.2326984126976,-1919.4187125748485,23281.985714285656,-38461.13928571421,13.000000000000005,0.05058365758754866,-1.0,1.4338846008790709,2.0,-1.0,2.000000000000005,-1.0,0.03527735604143971,0.0,0.5655390395574361,0.5200000000000002,76975.49285714258,25.0,0.8943293409366094,-131.79759588660295,0.05058365758754857,286670.94285714277,320542.9249999997,5,11,71.22568093385215,77.26666666666667,67.97005988023952,149.0,60.0,0.40268456375838924,0.20805369127516782,108.0,30.0,0.2777777777777778,-0.16666666666666666,257.0,0.35019455252918286,257.0,0.35019455252918286,257.0,0.35019455252918286,167.0,0.0,90.0,1.0,,,,,,,,,,,,,,
H1@H4,wick_touch,any,any,any,both,market,zone,fixed_rr,2.0,1.5,none,20,same,any,until_broken,999,0,any,any,any,any,any,inside_zone,any,any,own,any,none,20,24,close,102673,10527,531,531,153,378,0.288135593220339,152,379,-158671.62857142813,-298.81662631154074,-688.0107142857241,3431.749222419705,3101.4675536881437,-1675.1221277399845,27982.521428571454,-19955.474999999933,-73.00000000000001,-0.13747645951035783,-1.0,1.3576924224828837,1.9934640522875817,-1.0,2.0,-1.0,-0.10125744036999734,0.0,-2.333319472614193,-0.9605263157894737,188110.04642857116,76.00000000000001,0.7494115765050157,-298.81662631154063,-0.1374764595103578,474524.535714286,633196.1642857142,5,11,78.04143126177024,95.73856209150327,70.87830687830687,263.0,82.0,0.311787072243346,-0.06463878326996203,268.0,71.0,0.26492537313432835,-0.208955223880597,531.0,0.288135593220339,531.0,0.288135593220339,531.0,0.288135593220339,379.0,0.002638522427440633,152.0,1.0,,,,,,,,,,,,,,
H1@H4,wick_touch,any,any,any,both,market,zone,fixed_rr,2.0,1.5,none,20,same,any,until_broken,999,0,any,any,any,any,any,neutral,any,any,own,any,none,20,24,close,102673,6679,460,460,145,315,0.31521739130434784,145,315,33426.453571428065,72.66620341614797,-645.9964285714364,4013.4287961887308,4283.187635467974,-1865.5103287981854,20603.028571428556,-14461.324999999943,-25.0,-0.05434782608695653,-1.0,1.3953246741499126,2.0,-1.0,2.0,-1.0,-0.03894994985311744,0.0,-0.8353833569312756,-0.36764705882352944,71175.24285714285,68.0,1.0568829472479757,72.66620341614771,-0.05434782608695643,621062.2071428563,587635.7535714284,6,16,279.4760869565217,346.37931034482756,248.67936507936508,236.0,93.0,0.3940677966101695,0.18220338983050846,224.0,52.0,0.23214285714285715,-0.30357142857142855,460.0,0.31521739130434784,460.0,0.31521739130434784,460.0,0.31521739130434784,315.0,0.0,145.0,1.0,,,,,,,,,,,,,,
M15@H4,wick_touch,any,any,any,both,market,zone,fixed_rr,2.0,1.5,none,20,same,any,until_broken,999,0,any,any,any,any,any,continuation,any,any,own,any,none,20,24,close,118270,1720,142,142,52,90,0.36619718309859156,52,90,59368.47142857063,418.087826961765,-1075.0982142857197,5141.691904866077,5265.562774725259,-2382.675476190476,19302.035714285557,-15134.507142857092,13.999999999999993,0.0985915492957746,-1.0,1.4504088890585283,2.0,-1.0,2.0,-1.0,0.06797500349006488,0.0,0.8100156517780106,1.166666666666666,42063.35714285713,12.0,1.2768525085062572,418.08782696176513,0.09859154929577463,273809.2642857135,214440.7928571428,7,9,54.139084507042256,60.73557692307692,50.327777777777776,80.0,35.0,0.4375,0.3124999999999999,62.0,17.0,0.27419354838709675,-0.1774193548387097,142.0,0.36619718309859156,142.0,0.36619718309859156,142.0,0.36619718309859156,90.0,0.0,52.0,1.0,,,,,,,,,,,,,,
M15@H4,wick_touch,any,any,any,both,market,zone,fixed_rr,2.0,1.5,none,20,same,any,until_broken,999,0,any,any,any,any,any,pullback,any,any,own,any,none,20,24,close,118270,1452,127,127,43,84,0.33858267716535434,43,84,-25329.79285714273,-199.44718785151755,-1091.296428571468,5294.726514124057,4536.37973421927,-2623.739540816326,17538.621428571423,-35771.27857142859,2.0000000000000053,0.015748031496063034,-1.0,1.4253056033679676,2.0,-1.0,2.000000000000005,-1.0,0.011048880646263342,0.0,0.12451456127293838,0.15384615384615424,41320.10714285725,13.0,0.8850704696978406,-199.44718785151758,0.015748031496063075,195064.3285714286,220394.12142857138,5,7,55.789370078740156,67.61046511627907,49.73809523809524,83.0,30.0,0.3614457831325301,0.08433734939759042,44.0,13.0,0.29545454545454547,-0.11363636363636363,127.0,0.33858267716535434,127.0,0.33858267716535434,127.0,0.33858267716535434,84.0,0.0,43.0,1.0,,,,,,,,,,,,,,
M15@H4,wick_touch,any,any,any,both,market,zone,fixed_rr,2.0,1.5,none,20,same,any,until_broken,999,0,any,any,any,any,any,inside_zone,any,any,own,any,none,20,24,close,118270,9932,337,337,94,243,0.2789317507418398,94,243,-131494.2249999997,-390.1905786350139,-968.885714285716,4079.947942550607,3792.5028875379944,-2008.187228101116,27062.957142857158,-19996.649999999954,-54.99999999999999,-0.16320474777448066,-1.0,1.3474222953039456,2.0,-1.0,2.00000000000001,-1.0,-0.12112368063322393,0.0,-2.223535204447395,-0.8870967741935484,164642.37142857118,61.99999999999999,0.7305388210968451,-390.1905786350137,-0.16320474777448057,356495.2714285715,487989.4964285712,3,13,63.853115727002965,83.80319148936171,56.135802469135804,162.0,51.0,0.3148148148148148,-0.05555555555555549,175.0,43.0,0.24571428571428572,-0.26285714285714284,337.0,0.2789317507418398,337.0,0.2789317507418398,337.0,0.2789317507418398,243.0,0.0,94.0,1.0,,,,,,,,,,,,,,
M15@H4,wick_touch,any,any,any,both,market,zone,fixed_rr,2.0,1.5,none,20,same,any,until_broken,999,0,any,any,any,any,any,neutral,any,any,own,any,none,20,24,close,118270,1129,100,100,38,62,0.38,38,62,26450.617857143607,264.50617857143607,-952.4196428571258,4060.278116842458,4372.359586466168,-2253.2104262672706,14499.2214285714,-11147.839285714235,13.999999999999993,0.13999999999999993,-1.0,1.46349519364369,2.0,-1.0,2.0,-1.0,0.09566140060319532,0.0,0.9566140060319532,1.166666666666666,34268.407142857046,12.0,1.1893400029088101,264.5061785714363,0.14,166149.6642857144,139699.0464285708,7,8,50.7975,58.74342105263158,45.92741935483871,55.0,27.0,0.4909090909090909,0.4727272727272726,45.0,11.0,0.24444444444444444,-0.26666666666666666,100.0,0.38,100.0,0.38,100.0,0.38,62.0,0.0,38.0,1.0,,,,,,,,,,,,,,
M15@H1,wick_touch,any,any,any,both,market,zone,fixed_rr,2.0,1.5,none,20,same,any,until_broken,999,0,any,any,any,any,any,continuation,any,any,own,any,none,20,24,close,173461,4900,362,362,131,231,0.36187845303867405,131,231,38871.78928571477,107.3806333859524,-580.4428571428389,3457.9195161165476,3089.270447110145,-1583.647789115646,21667.035714285885,-29551.014285714336,31.0,0.0856353591160221,-1.0,1.4436270340649318,2.0,-1.0,2.0,-1.0,0.05931958677366413,0.0,1.128632110897689,1.4090909090909092,48596.203571428516,22.0,1.1062585666147227,107.38063338595259,0.08563535911602216,404694.428571429,365822.63928571425,5,13,26.82389502762431,27.614503816793892,26.375541125541126,210.0,89.0,0.4238095238095238,0.2714285714285714,152.0,42.0,0.27631578947368424,-0.17105263157894737,362.0,0.36187845303867405,362.0,0.36187845303867405,,,231.0,0.0,131.0,1.0,,,362.0,0.36187845303867405,,,,,,,,,,
M15@H1,wick_touch,any,any,any,both,market,zone,fixed_rr,2.0,1.5,none,20,same,any,until_broken,999,0,any,any,any,any,any,pullback,any,any,own,any,none,20,24,close,173461,3680,284,284,97,187,0.3415492957746479,96,188,23831.032142857817,83.91208501006274,-503.61071428571904,3012.0014707297764,2732.775994108988,-1290.0975362872407,16926.185714285748,-21621.392857142928,6.0,0.02112676056338028,-1.0,1.4215320946930718,1.9896907216494846,-1.0,2.0,-1.0,0.014861965229101519,0.0,0.2504582898882974,0.2727272727272727,29901.060714285813,22.0,1.0987822013268016,83.9120850100627,0.021126760563380254,265079.27142857184,241248.23928571402,4,11,21.802816901408452,27.52061855670103,18.836898395721924,177.0,61.0,0.3446327683615819,0.02824858757062147,107.0,36.0,0.3364485981308411,0.009345794392523364,284.0,0.3415492957746479,284.0,0.3415492957746479,,,188.0,0.005319148936170213,96.0,1.0,,,284.0,0.3415492957746479,,,,,,,,,,
M15@H1,wick_touch,any,any,any,both,market,zone,fixed_rr,2.0,1.5,none,20,same,any,until_broken,999,0,any,any,any,any,any,inside_zone,any,any,own,any,none,20,24,close,173461,21947,1014,1014,310,704,0.3057199211045365,305,708,-99967.18214285804,-98.58696463792707,-426.7035714285612,1988.6469392119186,1811.8660714285688,-939.837591314935,16675.0,-22327.3964285715,-89.54430614974908,-0.08830799423052177,-1.0,1.3768284724185138,1.9821151414524225,-1.0,2.0,-1.0,-0.06413870427548715,0.0,-2.0423922770967216,-0.7924274880508767,136792.9500000008,113.00000000000001,0.848911301714977,-98.58696463792694,-0.08830799423052171,561678.4821428563,661645.6642857143,5,18,21.203648915187376,29.258870967741935,17.656605113636363,495.0,167.0,0.3373737373737374,0.004960997677274592,519.0,143.0,0.27552986512524086,-0.17726396917148363,1014.0,0.3057199211045365,1014.0,0.3057199211045365,,,708.0,0.005649717514124294,305.0,1.0,1.0,1.0,1014.0,0.3057199211045365,,,,,,,,,,
M15@H1,wick_touch,any,any,any,both,market,zone,fixed_rr,2.0,1.5,none,20,same,any,until_broken,999,0,any,any,any,any,any,neutral,any,any,own,any,none,20,24,close,173461,2987,282,282,94,188,0.3333333333333333,94,188,-12637.01785714288,-44.812120060790356,-389.1517857142958,3161.1384761784507,2317.8720364741666,-1226.1541983282686,24816.2928571428,-32255.685714285755,0.0,0.0,-1.0,1.4167277218020478,2.0,-1.0,2.0,-1.0,0.0,0.0,0.0,0.0,68755.08214285725,40.0,0.9451796681177375,-44.812120060790335,-1.1102230246251565e-16,217879.97142857168,230516.98928571452,4,13,14.534574468085106,23.3031914893617,10.150265957446809,171.0,61.0,0.3567251461988304,0.07017543859649122,111.0,33.0,0.2972972972972973,-0.10810810810810811,282.0,0.3333333333333333,282.0,0.3333333333333333,,,188.0,0.0,94.0,1.0,,,282.0,0.3333333333333333,,,,,,,,,,
M5@H1,wick_touch,any,any,any,both,market,zone,fixed_rr,2.0,1.5,none,20,same,any,until_broken,999,0,any,any,any,any,any,continuation,any,any,own,any,none,20,24,close,156071,4570,242,242,85,157,0.3512396694214876,85,157,31160.874999999476,128.76394628098956,-728.7785714285519,4300.729360057185,3854.367058823522,-1888.282324840764,35527.74285714285,-28820.932142857146,13.0,0.05371900826446281,-1.0,1.4350410997809169,2.0,-1.0,2.0,-1.0,0.037433776825391216,0.0,0.5823329036504751,0.5416666666666666,74105.23928571444,24.0,1.105109764687735,128.76394628098933,0.05371900826446285,327621.1999999994,296460.32499999995,7,10,17.25378787878788,24.563725490196077,13.296178343949045,144.0,58.0,0.4027777777777778,0.20833333333333334,98.0,27.0,0.2755102040816326,-0.17346938775510204,242.0,0.3512396694214876,242.0,0.3512396694214876,,,157.0,0.0,85.0,1.0,,,242.0,0.3512396694214876,,,,,,,,,,
M5@H1,wick_touch,any,any,any,both,market,zone,fixed_rr,2.0,1.5,none,20,same,any,until_broken,999,0,any,any,any,any,any,pullback,any,any,own,any,none,20,24,close,156071,2992,181,181,69,112,0.3812154696132597,69,112,142032.87142857182,784.7119968429382,-469.67500000000655,4877.736320527514,4148.396997929611,-1287.5582270408154,46917.23571428574,-12284.882142857168,26.0,0.143646408839779,-1.0,1.4610977482133953,2.0,-1.0,2.0,-1.0,0.09831403067688477,0.0,1.3226800072792793,2.1666666666666665,26389.739285714502,12.0,1.984926825926689,784.7119968429383,0.14364640883977908,286239.39285714313,144206.52142857132,4,10,17.417587476979744,27.66062801932367,11.107142857142858,108.0,44.0,0.4074074074074074,0.2222222222222222,73.0,25.0,0.3424657534246575,0.0273972602739726,181.0,0.3812154696132597,181.0,0.3812154696132597,,,112.0,0.0,69.0,1.0,,,181.0,0.3812154696132597,,,,,,,,,,
M5@H1,wick_touch,any,any,any,both,market,zone,fixed_rr,2.0,1.5,none,20,same,any,until_broken,999,0,any,any,any,any,any,inside_zone,any,any,own,any,none,20,24,close,156071,10138,367,367,112,255,0.30517711171662126,112,255,-116408.53928571583,-317.1894803425499,-658.3749999999782,3029.6097902383694,2751.9117346938706,-1665.1868767507037,14457.878571428591,-22174.73928571435,-31.0,-0.08446866485013624,-1.0,1.383333140486173,2.0,-1.0,2.0,-1.0,-0.061061693946296756,0.0,-1.1697737736870217,-0.7948717948717948,135601.10357142985,39.0,0.7258541476611685,-317.18948034255016,-0.08446866485013615,308214.1142857135,424622.65357142943,5,12,15.735694822888284,18.529761904761905,14.508496732026144,172.0,57.0,0.3313953488372093,-0.005813953488372093,195.0,55.0,0.28205128205128205,-0.15384615384615385,367.0,0.30517711171662126,367.0,0.30517711171662126,,,255.0,0.0,112.0,1.0,,,367.0,0.30517711171662126,,,,,,,,,,
M5@H1,wick_touch,any,any,any,both,market,zone,fixed_rr,2.0,1.5,none,20,same,any,until_broken,999,0,any,any,any,any,any,neutral,any,any,own,any,none,20,24,close,156071,2669,175,175,56,119,0.32,56,119,-52468.46785714256,-299.8198163265289,-605.2785714286074,4095.9914743589984,2972.6177295918383,-1839.7904261704664,22521.971428571487,-31731.72142857138,-7.0,-0.04,-1.0,1.4034440396445431,2.0,-1.0,2.0,-1.0,-0.028501314530596452,0.0,-0.37703695143194915,-0.35,76526.17142857154,20.0,0.7603468915122054,-299.8198163265288,-0.039999999999999925,166466.59285714294,218935.0607142855,5,9,12.481428571428571,18.767857142857142,9.52310924369748,105.0,36.0,0.34285714285714286,0.02857142857142857,70.0,20.0,0.2857142857142857,-0.14285714285714285,175.0,0.32,175.0,0.32,,,119.0,0.0,56.0,1.0,,,175.0,0.32,,,,,,,,,,
M5@M15,wick_touch,any,any,any,both,market,zone,fixed_rr,2.0,1.5,none,20,same,any,until_broken,999,0,any,any,any,any,any,continuation,any,any,own,any,none,20,24,close,222820,11599,711,711,243,468,0.34177215189873417,242,469,45815.84999999987,64.43860759493653,-369.20714285715803,2343.1808583258517,2080.8960905349795,-982.5681623931625,25346.33571428567,-19541.857142857134,17.0,0.02390998593530239,-1.0,1.422452519190305,1.9958847736625513,-1.0,2.0,-1.0,0.016808987022577417,0.0,0.44820463384440834,0.3333333333333333,47843.1392857141,51.0,1.099633917657351,64.43860759493668,0.023909985935302358,505657.75,459841.9000000001,7,16,5.244960150023441,7.887174211248285,3.87304131054131,442.0,165.0,0.3733031674208145,0.11764705882352941,269.0,78.0,0.2899628252788104,-0.13011152416356878,711.0,0.34177215189873417,711.0,0.34177215189873417,,,469.0,0.0021321961620469083,242.0,1.0,,,,,711.0,0.34177215189873417,,,,,,,,
M5@M15,wick_touch,any,any,any,both,market,zone,fixed_rr,2.0,1.5,none,20,same,any,until_broken,999,0,any,any,any,any,any,pullback,any,any,own,any,none,20,24,close,222820,6625,398,398,133,265,0.3341708542713568,132,266,-23601.850000000148,-59.3011306532667,-383.3428571428385,2486.4354298151347,1938.5922663802342,-1062.0174393530992,22123.69285714294,-17448.864285714262,0.0,0.0,-1.0,1.4142135623730951,1.9924812030075187,-1.0,2.0,-1.0,0.0,0.0,0.0,0.0,73653.47857142851,32.0,0.9161373612095186,-59.30113065326657,0.0,257832.77142857114,281434.6214285713,5,11,7.122906197654941,10.857142857142858,5.24874213836478,237.0,85.0,0.35864978902953587,0.0759493670886076,161.0,48.0,0.2981366459627329,-0.11180124223602485,398.0,0.3341708542713568,398.0,0.3341708542713568,,,266.0,0.0037593984962406013,132.0,1.0,,,,,398.0,0.3341708542713568,,,,,,,,
M5@M15,wick_touch,any,any,any,both,market,zone,fixed_rr,2.0,1.5,none,20,same,any,until_broken,999,0,any,any,any,any,any,inside_zone,any,any,own,any,none,20,24,close,222820,22479,1161,1161,335,826,0.2885443583118002,334,827,-88034.66071428513,-75.82658114925506,-374.0964285713744,1812.1875002882268,1813.7625586353959,-842.1853727084052,12461.549999999988,-9922.789285714225,-157.0,-0.13522825150732126,-1.0,1.3588056255508918,1.9970149253731344,-1.0,2.0,-1.0,-0.09951993792526179,0.0,-3.390987636343766,-0.7889447236180904,142887.8607142862,199.0,0.8734488916051534,-75.82658114925505,-0.1352282515073212,607610.4571428576,695645.1178571427,6,17,5.189348262991674,6.840547263681592,4.519673123486683,594.0,179.0,0.30134680134680136,-0.09595959595959595,567.0,156.0,0.2751322751322751,-0.1763668430335097,1161.0,0.2885443583118002,1161.0,0.2885443583118002,,,827.0,0.0012091898428053204,334.0,1.0,,,,,1161.0,0.2885443583118002,,,,,,,,
M5@M15,wick_touch,any,any,any,both,market,zone,fixed_rr,2.0,1.5,none,20,same,any,until_broken,999,0,any,any,any,any,any,neutral,any,any,own,any,none,20,24,close,222820,5963,388,388,131,257,0.33762886597938147,131,257,22217.085714284804,57.26053019145568,-341.52321428571213,2131.7026648843926,1977.1637404580088,-921.3671762090053,18299.07142857155,-11988.02857142864,5.000000000000012,0.012886597938144362,-1.0,1.4205355897631515,2.0,-1.0,2.000000000000013,-1.0,0.00907164736386011,0.0,0.17869072982939344,0.22727272727272785,26852.385714286083,22.0,1.093825574177095,57.2605301914557,0.012886597938144395,259008.44999999914,236791.36428571434,4,14,5.428479381443299,7.310432569974554,4.469195849546044,204.0,83.0,0.4068627450980392,0.22058823529411772,184.0,48.0,0.2608695652173913,-0.21739130434782608,388.0,0.33762886597938147,388.0,0.33762886597938147,,,257.0,0.0,131.0,1.0,,,,,388.0,0.33762886597938147,,,,,,,,
H1@D1,wick_touch,any,any,any,both,market,zone,fixed_rr,2.0,1.5,none,20,same,any,until_broken,999,0,any,any,any,any,any,continuation,any,any,own,any,none,20,24,close,69416,571,66,66,22,44,0.3333333333333333,22,44,-78627.93928571432,-1191.332413419914,-1382.748214285732,9595.5123462805,6001.084415584421,-4787.540827922081,18692.914285714323,-61723.23571428578,0.0,0.0,-1.0,1.4250506063888506,2.0,-1.0,2.0,-1.0,0.0,0.0,0.0,0.0,108960.40357142864,13.0,0.6267397638245363,-1191.3324134199142,-1.1102230246251565e-16,132023.85714285725,210651.79642857157,3,8,417.3787878787879,562.7727272727273,344.6818181818182,32.0,17.0,0.53125,0.59375,34.0,5.0,0.14705882352941177,-0.5588235294117647,66.0,0.3333333333333333,66.0,0.3333333333333333,,,44.0,0.0,22.0,1.0,,,,,,,66.0,0.3333333333333333,,,,,,
H1@D1,wick_touch,any,any,any,both,market,zone,fixed_rr,2.0,1.5,none,20,same,any,until_broken,999,0,any,any,any,any,any,pullback,any,any,own,any,none,20,24,close,69416,611,61,61,22,39,0.36065573770491804,22,39,-26092.507142856848,-427.7460187353582,-1248.5071428571473,7320.910851593842,6565.799350649371,-4372.822893772898,15015.071428571446,-25528.785714285732,5.0,0.08196721311475409,-1.0,1.4525274749806871,2.0,-1.0,2.0,-1.0,0.05643074883374852,0.0,0.44073823778995413,0.7142857142857143,84282.58928571432,7.0,0.8470007450698771,-427.7460187353586,0.08196721311475408,144447.58571428616,170540.09285714303,2,6,367.57377049180326,383.90909090909093,358.35897435897436,32.0,15.0,0.46875,0.40625,29.0,7.0,0.2413793103448276,-0.27586206896551724,61.0,0.36065573770491804,61.0,0.36065573770491804,,,39.0,0.0,22.0,1.0,,,,,,,61.0,0.36065573770491804,,,,,,
H1@D1,wick_touch,any,any,any,both,market,zone,fixed_rr,2.0,1.5,none,20,same,any,until_broken,999,0,any,any,any,any,any,inside_zone,any,any,own,any,none,20,24,close,69416,4842,96,96,37,59,0.3854166666666667,36,59,23362.06071428545,243.3547991071401,-1557.6714285714274,10020.89742075973,8093.627799227795,-4679.697760290559,31268.685714285675,-63822.92500000003,13.074194023259238,0.13618952107561708,-1.0,1.4553890293107201,1.9479511898178172,-1.0,2.0,-1.0,0.09357602560747427,0.0,0.9168540595836969,1.188563093023567,96675.52142857139,11.0,1.0846138257283553,243.35479910714048,0.13618952107561721,299464.2285714284,276102.167857143,5,9,516.3333333333334,700.1081081081081,401.08474576271186,45.0,20.0,0.4444444444444444,0.2905376449613164,51.0,17.0,0.3333333333333333,0.0,96.0,0.3854166666666667,96.0,0.3854166666666667,,,59.0,0.0,36.0,1.0,1.0,1.0,,,,,96.0,0.3854166666666667,,,,,,
H1@D1,wick_touch,any,any,any,both,market,zone,fixed_rr,2.0,1.5,none,20,same,any,until_broken,999,0,any,any,any,any,any,neutral,any,any,own,any,none,20,24,close,69416,1559,126,126,45,81,0.35714285714285715,45,81,-11244.082142856936,-89.23874716553124,-1328.091071428571,4860.307884718094,5009.859682539685,-2922.0712081128736,16887.20000000003,-17899.410714285703,9.0,0.07142857142857142,-1.0,1.4432107063270918,2.0,-1.0,2.0,-1.0,0.04949282257637488,0.0,0.5555555555555555,0.6,72418.3035714284,15.0,0.952494029393004,-89.2387471655311,0.07142857142857151,225443.68571428582,236687.76785714275,4,7,359.6031746031746,482.4888888888889,291.3333333333333,54.0,22.0,0.4074074074074074,0.2222222222222222,72.0,23.0,0.3194444444444444,-0.041666666666666664,126.0,0.35714285714285715,126.0,0.35714285714285715,,,81.0,0.0,45.0,1.0,,,,,,,126.0,0.35714285714285715,,,,,,
H1@H4,wick_touch,any,any,any,both,market,zone,fixed_rr,2.0,1.5,require_inside_htf_zone,20,same,any,until_broken,999,0,any,any,any,any,any,any,any,any,own,any,none,20,24,close,102673,9758,786,786,241,545,0.30661577608142493,240,545,-61792.96071428545,-78.61699836423085,-555.3732142857029,3229.001755911152,2841.453497332542,-1369.877529488859,35070.564285714136,-19955.474999999933,-64.68836085083298,-0.08230071355067808,-1.0,1.3822225344181402,1.9929943533160457,-1.0,2.0,-1.0,-0.05954230342896512,0.0,-1.6693096523817215,-0.6738370921961768,112418.41428571392,96.0,0.9172323241665458,-78.61699836423088,-0.08230071355067803,684790.2928571426,746583.2535714281,6,20,70.04071246819339,95.65975103734439,58.71192660550459,385.0,133.0,0.34545454545454546,0.031978283504329914,401.0,108.0,0.26932668329177056,-0.19201995012468828,786.0,0.30661577608142493,786.0,0.30661577608142493,786.0,0.30661577608142493,545.0,0.0,240.0,1.0,1.0,1.0,,,,,,,,,,,,
M15@H4,wick_touch,any,any,any,both,market,zone,fixed_rr,2.0,1.5,require_inside_htf_zone,20,same,any,until_broken,999,0,any,any,any,any,any,any,any,any,own,any,none,20,24,close,118270,1979,299,299,78,221,0.2608695652173913,78,221,32828.34999999957,109.79381270902866,-980.0892857142799,5104.275720110635,5248.019047619043,-1703.6974466709764,48734.34285714284,-19554.1821428571,-64.99999999999997,-0.217391304347826,-1.0,1.3195351596839902,2.0000000000000004,-1.0,2.00000000000001,-1.0,-0.16474839851928472,0.0,-2.8487661205486923,-0.8904109589041092,100583.00714285772,73.0,1.087189524422896,109.79381270902877,-0.21739130434782594,409345.48571428534,376517.1357142858,4,15,56.07775919732441,84.625,46.002262443438916,156.0,49.0,0.3141025641025641,-0.05769230769230752,143.0,29.0,0.20279720279720279,-0.3916083916083916,299.0,0.2608695652173913,299.0,0.2608695652173913,299.0,0.2608695652173913,221.0,0.0,78.0,1.0,,,,,,,,,,,,,,
M15@H1,wick_touch,any,any,any,both,market,zone,fixed_rr,2.0,1.5,require_inside_htf_zone,20,same,any,until_broken,999,0,any,any,any,any,any,any,any,any,own,any,none,20,24,close,173461,19648,1396,1396,429,967,0.30730659025787965,420,976,-112614.1107142874,-80.66913374948953,-445.4178571428656,2526.7673615901185,2072.6722277722256,-1035.9777625941801,45086.578571428436,-22327.3964285715,-118.0,-0.08452722063037249,-1.0,1.377240966405387,1.979020979020979,-1.0,2.0,-1.0,-0.061374314801998224,0.0,-2.293133641615994,-0.9752066115702479,133745.42500000153,121.0,0.8875871640669765,-80.66913374948967,-0.08452722063037255,889176.3857142848,1001790.4964285721,6,16,18.347421203438394,25.663752913752912,15.101602895553258,675.0,228.0,0.3377777777777778,0.005925925925925926,721.0,201.0,0.2787794729542302,-0.16920943134535368,1396.0,0.30730659025787965,1396.0,0.30730659025787965,,,976.0,0.009221311475409836,420.0,1.0,,,1396.0,0.30730659025787965,,,,,,,,,,
M5@H1,wick_touch,any,any,any,both,market,zone,fixed_rr,2.0,1.5,require_inside_htf_zone,20,same,any,until_broken,999,0,any,any,any,any,any,any,any,any,own,any,none,20,24,close,156071,4059,502,502,157,345,0.31274900398406374,157,345,-72237.7392857142,-143.89987905520755,-722.5714285714048,3531.8492728589385,2996.244767970882,-1572.893240165631,49342.485714285795,-15731.696428571377,-31.0,-0.061752988047808766,-1.0,1.392226535191186,2.0,-1.0,2.0,-1.0,-0.04435556031068507,0.0,-0.9938021416249615,-0.6458333333333334,104457.5428571431,48.0,0.8668792348991557,-143.89987905520775,-0.06175298804780882,470410.42857142846,542648.1678571426,4,13,15.779050464807437,22.800424628450106,12.583816425120775,225.0,76.0,0.3377777777777778,0.013333333333333334,277.0,81.0,0.2924187725631769,-0.12274368231046931,502.0,0.31274900398406374,502.0,0.31274900398406374,,,345.0,0.0,157.0,1.0,,,502.0,0.31274900398406374,,,,,,,,,,
M5@M15,wick_touch,any,any,any,both,market,zone,fixed_rr,2.0,1.5,require_inside_htf_zone,20,same,any,until_broken,999,0,any,any,any,any,any,any,any,any,own,any,none,20,24,close,222820,28694,2217,2217,689,1528,0.31078033378439335,683,1534,-246432.62500000006,-111.15589760938208,-318.01428571425276,1701.5062766221163,1519.4624352063047,-846.4281694091256,12267.349999999897,-16614.121428571434,-156.0,-0.07036535859269283,-1.0,1.385689985055787,1.9912917271407837,-1.0,2.0,-1.0,-0.050780015264280026,0.0,-2.3909785151028053,-0.9873417721518988,247067.95357142863,158.0,0.8094606231560166,-111.15589760938201,-0.07036535859269277,1046909.617857144,1293342.242857144,5,17,4.806081792211698,6.578979196903726,4.006653577661432,1124.0,365.0,0.32473309608540923,-0.029359430604982206,1093.0,324.0,0.29643183897529735,-0.11253430924062215,2217.0,0.31078033378439335,2217.0,0.31078033378439335,,,1534.0,0.003911342894393742,683.0,1.0,,,,,2217.0,0.31078033378439335,,,,,,,,
H1@D1,wick_touch,any,any,any,both,market,zone,fixed_rr,2.0,1.5,require_inside_htf_zone,20,same,any,until_broken,999,0,any,any,any,any,any,any,any,any,own,any,none,20,24,close,69416,0,0,0,0,0,0.0,0,0,0.0,0.0,0.0,0.0,0.0,0.0,0.0,0.0,0.0,0.0,0.0,0.0,0.0,0.0,0.0,0.0,0.0,0.0,0.0,0.0,0.0,0.0,0.0,0.0,0.0,0.0,0.0,0,0,0.0,0.0,0.0,,,,,,,,,,,,,,,,,,,,,,,,,,,,,,,,
H1@H4,wick_touch,any,any,any,both,market,structure,zone,2.0,1.5,none,20,same,any,until_broken,999,0,any,any,any,any,any,any,any,any,own,any,none,20,24,close,102673,21292,2780,2780,1005,1775,0.36151079136690645,871,1909,-76709.67739863168,-27.593409136198446,-376.1250000000018,2290.9257982075974,1593.961061550442,-945.712982679902,53167.999999999935,-21169.92857142859,-50.254273506857956,-0.018077076801028043,-1.0,1.669945950852996,1.716164901983226,-1.0,13.224305009047114,-1.0,-0.010824947233648135,0.0,-0.5707529777927757,-0.2929477300088181,198573.40670772127,171.5468950906199,0.9543024993283522,-27.59340913619849,-0.018077076801028102,1601930.8668581943,1678640.544256826,13,17,56.3773381294964,75.6776119402985,45.44957746478873,1434.0,547.0,0.38145048814504884,0.04787552210254411,1346.0,458.0,0.34026745913818723,-0.08834158410245628,2780.0,0.36151079136690645,2780.0,0.36151079136690645,2780.0,0.36151079136690645,1909.0,0.07019381875327396,871.0,1.0,,,,,,,,,,,,,,
H1@H4,wick_touch,with_daily,any,any,both,market,structure,zone,2.0,1.5,none,20,same,any,until_broken,999,0,any,any,any,any,any,any,any,any,own,any,none,20,24,close,102673,5332,1549,1549,596,953,0.3847643641058748,520,1029,-12426.913959646758,-8.022539676983058,-349.9285714285634,1852.7095488711827,1370.7271384591813,-870.2836185533251,18946.000000000004,-11213.035714285706,-29.79008387366013,-0.01923181657434483,-1.0,1.4950549964470392,1.5490099263864765,-1.0,12.760558804418494,-1.0,-0.012863618141171236,0.0,-0.5062777581873573,-0.3278132837610736,107009.1946856202,90.87515774794716,0.9850166273153154,-8.022539676983001,-0.019231816574344696,816953.374521672,829380.2884813189,11,15,40.8005164622337,55.86073825503356,31.381951731374606,821.0,329.0,0.4007308160779537,0.07654671784474149,728.0,267.0,0.36675824175824173,-0.12724579563762772,1549.0,0.3847643641058748,1549.0,0.3847643641058748,1549.0,0.3847643641058748,1029.0,0.0738581146744412,520.0,1.0,,,,,,,,,,,,,,
H1@H4,wick_touch,against_daily,any,any,both,market,structure,zone,2.0,1.5,none,20,same,any,until_broken,999,0,any,any,any,any,any,any,any,any,own,any,none,20,24,close,102673,8428,1945,1945,689,1256,0.3542416452442159,579,1366,-64049.50334910922,-32.93033591213842,-355.60714285713857,2254.884716691508,1503.8467452475643,-875.955343013281,53167.999999999935,-21169.92857142859,10.464700360742238,0.005380308668762062,-1.0,1.790200141873412,1.8381200295511497,-1.0,21.02766798418385,-1.0,0.003005422993169728,0.0,0.1325456281078842,0.10847530019513635,147077.13549196633,96.47081263584684,0.9417837588251581,-32.9303359121385,0.005380308668761935,1036150.4074755717,1100199.910824681,7,17,47.80771208226221,54.46008708272859,44.15843949044586,948.0,362.0,0.3818565400843882,0.10349844151361538,997.0,327.0,0.3279839518555667,-0.08791556890086777,1945.0,0.3542416452442159,1945.0,0.3542416452442159,1945.0,0.3542416452442159,1366.0,0.08052708638360176,579.0,1.0,,,,,,,,,,,,,,
H1@H4,wick_touch,any,any,any,both,market,structure,fixed_rr,2.0,1.5,none,20,same,any,until_broken,999,0,any,any,any,any,any,any,any,any,own,any,none,20,24,close,102673,21292,3494,3494,1239,2255,0.3546078992558672,1047,2447,64022.9770779898,18.323691207209446,-377.03571428572786,2105.6089411184794,1704.9230358826746,-908.3710263328799,42339.85714285718,-18945.642857142866,30.99999999999998,0.00887235260446479,-1.0,1.3781997573509122,1.8450363196125907,-1.0,2.0,-1.0,0.0064376390702017405,0.0,0.38052927563180816,0.3369565217391302,151198.73080252897,92.0,1.0312554708278459,18.32369120720955,0.00887235260446484,2112399.641458634,2048376.6643806442,13,16,43.788780767029195,63.48991121872478,32.964079822616405,1782.0,669.0,0.37542087542087543,0.0707070707070707,1712.0,570.0,0.33294392523364486,-0.055490654205607476,3494.0,0.3546078992558672,3494.0,0.3546078992558672,3494.0,0.3546078992558672,2447.0,0.07846342460155292,1047.0,1.0,,,,,,,,,,,,,,
H1@H4,wick_touch,any,any,any,both,market,structure,fixed_rr,3.0,1.5,none,20,same,any,until_broken,999,0,any,any,any,any,any,any,any,any,own,any,none,20,24,close,102673,21292,2643,2643,776,1867,0.2936057510404843,623,2020,103922.0763795077,39.31974134676795,-439.4999999999982,2602.8287617338574,2371.214209214192,-929.9090251583852,63509.78571428577,-18945.642857142866,154.99999999999994,0.05864547862277712,-1.0,1.6980540528927803,2.6056701030927836,-1.0,3.0000000000000213,-1.0,0.03453687385443916,0.0,1.775544682020073,2.123287671232876,95772.94370150054,73.0,1.0598581147848354,39.31974134676818,0.05864547862277725,1840062.226350213,1736140.1499707052,13,19,63.67120696178585,94.16494845360825,50.99678628816283,1360.0,429.0,0.3154411764705882,0.14705882352941171,1283.0,347.0,0.2704598597038192,-0.03507404520654715,2643.0,0.2936057510404843,2643.0,0.2936057510404843,2643.0,0.2936057510404843,2020.0,0.07574257425742574,623.0,1.0,,,,,,,,,,,,,,
H1@H4,wick_touch,any,any,any,both,market,structure,fixed_rr,4.0,1.5,none,20,same,any,until_broken,999,0,any,any,any,any,any,any,any,any,own,any,none,20,24,close,102673,21292,2157,2157,486,1671,0.22531293463143254,387,1770,-8416.860637848382,-3.9021143429987863,-481.07142857143117,3218.6661900706263,3179.7876764638436,-929.8585705561201,84679.71428571436,-18945.642857142866,-24.00000000000005,-0.011126564673157183,-1.0,1.9216727217122171,3.388888888888889,-1.0,4.000000000000015,-1.0,-0.005790041429761971,0.0,-0.2689098706607525,-0.17021276595744717,168198.4393149053,141.0,0.9945830255375742,-3.902114342998857,-0.011126564673157202,1545376.810761428,1553793.6713992767,13,28,80.40843764487714,100.74897119341564,74.49251944943148,1124.0,289.0,0.2571174377224199,0.12010676156583625,1033.0,197.0,0.19070667957405615,-0.15392061955469508,2157.0,0.22531293463143254,2157.0,0.22531293463143254,2157.0,0.22531293463143254,1770.0,0.05593220338983051,387.0,1.0,,,,,,,,,,,,,,
H1@H4,wick_touch,any,push,any,both,market,structure,zone,2.0,1.5,none,20,same,any,until_broken,999,0,any,any,any,any,any,any,any,any,own,any,none,20,24,close,102673,335,112,112,46,66,0.4107142857142857,42,70,-84717.0349766244,-756.402098005575,-1034.6785714285659,5273.529483088822,3386.4298297007144,-3643.830411255413,13700.999999999998,-21169.92857142859,9.10364397466979,0.08128253548812316,-1.0,1.450185421558708,1.6326879124928213,-1.0,4.7256557832642665,-1.0,0.05604975355548531,0.0,0.5931748358170899,0.6743715832860122,134097.0285714285,13.499447782645941,0.6477356808168451,-756.4020980055752,0.08128253548812303,155775.77216623287,240492.80714285726,4,8,189.97321428571428,273.5869565217391,131.6969696969697,112.0,46.0,0.4107142857142857,0.08128253548812313,0.0,0.0,0.0,0.0,112.0,0.4107142857142857,112.0,0.4107142857142857,112.0,0.4107142857142857,70.0,0.05714285714285714,42.0,1.0,,,,,,,,,,,,,,
H1@H4,wick_touch,any,reversal,any,both,market,structure,zone,2.0,1.5,none,20,same,any,until_broken,999,0,any,any,any,any,any,any,any,any,own,any,none,20,24,close,102673,475,197,197,76,121,0.38578680203045684,70,127,-17306.153154548745,-87.8484931702982,-820.0714285714412,2896.5518316461344,2443.0852968386444,-1677.5259149940964,14628.999999999996,-7202.142857142849,-9.028607598294158,-0.045830495422812985,-1.0,1.5391652129886895,1.4733077947592872,-1.0,7.335662565193287,-1.0,-0.02977620273383204,0.0,-0.4179289211116102,-0.47034663840248914,35842.321428571384,19.195646064271685,0.9147398810056505,-87.84849317029773,-0.04583049542281303,185674.48255973696,202980.63571428566,5,8,110.21827411167513,112.34210526315789,108.88429752066116,1.0,1.0,1.0,1.887046771802134,196.0,75.0,0.3826530612244898,-0.055692114133144344,197.0,0.38578680203045684,197.0,0.38578680203045684,197.0,0.38578680203045684,127.0,0.047244094488188976,70.0,1.0,,,,,,,,,,,,,,
H1@H4,wick_touch,any,continuation,any,both,market,structure,zone,2.0,1.5,none,20,same,any,until_broken,999,0,any,any,any,any,any,any,any,any,own,any,none,20,24,close,102673,14983,2591,2591,932,1659,0.35970667695870323,846,1745,-58455.254080093015,-22.56088540335508,-371.67857142856064,2218.681178858449,1552.8253291877218,-907.5879812435503,53167.999999999935,-14753.250000000025,-104.70681283425489,-0.04041173787505016,-1.0,1.6382374988747037,1.6676965527529455,-1.0,13.224305009047114,-1.0,-0.024667813978625663,0.0,-1.2556377707922974,-0.5382912344343223,193111.63837749488,194.5170311834798,0.9611770591335935,-22.5608854033552,-0.040411737875050036,1447233.2068029568,1505688.46088305,13,16,53.41412582014666,74.22854077253218,41.7209162145871,1390.0,527.0,0.379136690647482,0.024673146316409645,1201.0,405.0,0.33721898417985013,-0.11573895604834661,2591.0,0.35970667695870323,2591.0,0.35970667695870323,2591.0,0.35970667695870323,1745.0,0.0492836676217765,846.0,1.0,,,,,,,,,,,,,,
H1@D1,wick_touch,any,any,any,both,market,structure,zone,2.0,1.5,none,20,same,any,until_broken,999,0,any,any,any,any,any,any,any,any,own,any,none,20,24,close,69416,7583,1021,1021,312,709,0.30558276199804113,157,863,111122.90404281473,108.83732031617505,-392.0357142857256,3019.8842722862546,2307.7236420051977,-858.7967168727886,42027.99999999997,-18945.642857142866,122.78474674287914,0.1202593014132019,-1.0,2.550934482303604,2.665976752381023,-1.0,20.408997955018386,-1.0,0.04714323407655792,0.0,1.5063720304427695,1.9820476855292726,87827.50924766624,61.94843223970746,1.182501724219884,108.8373203161749,0.12025930141320185,720009.7763056217,608886.8722628071,8,22,69.4877571008815,97.75320512820512,57.049365303244,540.0,183.0,0.3388888888888889,0.25416579699655323,481.0,129.0,0.2681912681912682,-0.03007231525001995,1021.0,0.30558276199804113,1021.0,0.30558276199804113,,,863.0,0.17844727694090382,157.0,1.0,1.0,1.0,,,,,1021.0,0.30558276199804113,,,,,,
H1@D1,wick_touch,with_daily,any,any,both,market,structure,zone,2.0,1.5,none,20,same,any,until_broken,999,0,any,any,any,any,any,any,any,any,own,any,none,20,24,close,69416,2438,652,652,171,481,0.26226993865030673,120,531,-62456.35881877874,-95.791961378495,-439.92857142857247,1859.7695561492883,1911.693738090008,-809.4719085907903,11950.0,-10772.46428571425,-49.41200966746281,-0.0757852909010166,-1.0,1.9788428582965865,2.5239063762136675,-1.0,18.212292986551383,-1.0,-0.038297781242848945,0.0,-0.9779066782559435,-0.6558902046254347,90921.72087365162,75.3357944957891,0.8395906041295598,-95.79196137849516,-0.07578529090101671,326899.6292133914,389355.98803217016,6,15,51.12883435582822,51.16374269005848,51.11642411642411,340.0,95.0,0.27941176470588236,0.0553596379274373,312.0,76.0,0.24358974358974358,-0.21869963641920356,652.0,0.26226993865030673,652.0,0.26226993865030673,,,531.0,0.09416195856873823,120.0,1.0,1.0,1.0,,,,,652.0,0.26226993865030673,,,,,,
H1@D1,wick_touch,against_daily,any,any,both,market,structure,zone,2.0,1.5,none,20,same,any,until_broken,999,0,any,any,any,any,any,any,any,any,own,any,none,20,24,close,69416,2898,700,700,217,483,0.31,86,613,94551.3810783892,135.073401540556,-371.2499999999977,3083.560545789876,2354.420614994445,-862.0246218952491,42027.99999999997,-18945.642857142866,61.33341174510462,0.08761915963586377,-1.0,2.3771457687297053,2.5084489020511733,-1.0,19.615488295360016,-1.0,0.03685897633559322,0.0,0.9751968496439448,1.0470092420268213,80775.66071428546,58.57962784203717,1.2270916027049579,135.073401540556,0.08761915963586375,510909.2734537945,416357.8923754053,7,28,62.14142857142857,85.23502304147465,51.76604554865425,333.0,116.0,0.3483483483483483,0.22470938442498586,367.0,101.0,0.27520435967302453,-0.03677060836080561,700.0,0.31,700.0,0.31,,,613.0,0.21207177814029363,86.0,1.0,1.0,1.0,,,,,700.0,0.31,,,,,,
H1@D1,wick_touch,any,any,any,both,market,structure,fixed_rr,2.0,1.5,none,20,same,any,until_broken,999,0,any,any,any,any,any,any,any,any,own,any,none,20,24,close,69416,7583,2129,2129,899,1230,0.42226397369657115,585,1543,131232.95528055314,61.64065536897752,-295.85357142857447,1614.4902146049074,1237.8682140492995,-798.0573732924935,24005.357142857156,-18945.642857142866,253.40719367772138,0.11902639440005702,-1.0,1.3455935573825748,1.6500636192188225,-1.0,2.0,-1.0,0.08845642411634691,0.0,4.081475647569548,7.67900586902186,89992.26428571393,33.0,1.1336914652357726,61.640655368977605,0.11902639440005702,1112843.5244303201,981610.569149767,19,14,23.105213715359323,24.600667408231367,22.01219512195122,1094.0,488.0,0.4460694698354662,0.17587494851711277,1035.0,411.0,0.39710144927536234,0.05893719806763285,2129.0,0.42226397369657115,2129.0,0.42226397369657115,,,1543.0,0.20285158781594298,585.0,1.0,1.0,1.0,,,,,2129.0,0.42226397369657115,,,,,,
H1@D1,wick_touch,any,any,any,both,market,structure,fixed_rr,3.0,1.5,none,20,same,any,until_broken,999,0,any,any,any,any,any,any,any,any,own,any,none,20,24,close,69416,7583,1781,1781,628,1153,0.3526108927568782,365,1415,159790.41360465367,89.71949107504417,-363.32142857143026,2020.0987091677853,1694.164041976741,-784.1670466233647,36008.03571428569,-18945.642857142866,204.4071936777214,0.11477102396278575,-1.0,1.6209141864606342,2.1614764230536965,-1.0,3.0000000000000284,-1.0,0.07080635416819649,0.0,2.9881623729383393,6.593780441216819,89459.33571428535,31.0,1.1767310370088924,89.71949107504429,0.11477102396278582,1063935.0183613934,904144.6047567396,13,14,32.269511510387424,37.89331210191083,29.206418039895922,925.0,346.0,0.37405405405405406,0.17125102019213126,856.0,282.0,0.3294392523364486,0.053738317757009345,1781.0,0.3526108927568782,1781.0,0.3526108927568782,,,1415.0,0.18515901060070672,365.0,1.0,1.0,1.0,,,,,1781.0,0.3526108927568782,,,,,,
H1@D1,wick_touch,any,any,any,both,market,structure,fixed_rr,4.0,1.5,none,20,same,any,until_broken,999,0,any,any,any,any,any,any,any,any,own,any,none,20,24,close,69416,7583,1532,1532,474,1058,0.3093994778067885,253,1278,86876.28560097664,56.70775822518058,-392.6785714285643,2275.32378054668,1908.0415739974144,-772.7177887275969,48010.71428571431,-18945.642857142866,174.40719367772138,0.11384281571652834,-1.0,1.8616959182825814,2.600015176535277,-1.0,4.0,-1.0,0.06115005925433225,0.0,2.393460501472791,3.0597753276793225,84571.58571428526,57.0,1.1062660814752567,56.70775822518067,0.11384281571652832,904411.7060747744,817535.4204737976,12,22,40.688642297650134,44.335443037974684,39.054820415879014,781.0,257.0,0.3290653008962868,0.18746119549004017,751.0,217.0,0.28894806924101196,0.037283621837549935,1532.0,0.3093994778067885,1532.0,0.3093994778067885,,,1278.0,0.17214397496087636,253.0,1.0,1.0,1.0,,,,,1532.0,0.3093994778067885,,,,,,
H1@D1,wick_touch,any,push,any,both,market,structure,zone,2.0,1.5,none,20,same,any,until_broken,999,0,any,any,any,any,any,any,any,any,own,any,none,20,24,close,69416,142,65,65,21,44,0.3230769230769231,11,53,25491.32280850003,392.1741970538466,-619.0714285714421,5934.46623899148,4318.44617022229,-1481.7283355947284,37306.00000000004,-18945.642857142866,3.7496608786178656,0.05768709044027486,-1.0,2.159402386146375,2.273793375172279,-1.0,10.312599981180103,-1.0,0.02671437746404553,0.0,0.2153781967004732,0.2821400467180387,25669.500000000062,13.290069673679294,1.3909949156875592,392.1741970538467,0.05768709044027476,90687.36957466809,65196.046766168045,6,13,75.0,101.9047619047619,62.15909090909091,53.0,16.0,0.3018867924528302,0.146629451886276,12.0,5.0,0.4166666666666667,-0.33514167261289685,65.0,0.3230769230769231,65.0,0.3230769230769231,,,53.0,0.16981132075471697,11.0,1.0,1.0,1.0,,,,,65.0,0.3230769230769231,,,,,,
H1@D1,wick_touch,any,reversal,any,both,market,structure,zone,2.0,1.5,none,20,same,any,until_broken,999,0,any,any,any,any,any,any,any,any,own,any,none,20,24,close,69416,551,178,178,36,142,0.20224719101123595,30,148,-47563.182922129025,-267.2088928209496,-780.3214285714262,3397.915534630402,4147.7877976190475,-1386.5038284254556,21386.99999999999,-11515.499999999975,-38.616601864566675,-0.21694720148632965,-1.0,2.293209897932481,2.871761059317592,-1.0,19.516229956980645,-1.0,-0.09460416234986843,0.0,-1.262176953140013,-0.61415160386501,97145.0757792718,62.87796306570351,0.7584197132800291,-267.20889282094925,-0.21694720148632973,149320.36071428572,196883.5436364147,2,21,82.30337078651685,214.91666666666666,48.683098591549296,17.0,8.0,0.47058823529411764,0.12775816760587544,161.0,28.0,0.17391304347826086,-0.2533446628190469,178.0,0.20224719101123595,178.0,0.20224719101123595,,,148.0,0.04054054054054054,30.0,1.0,,,,,,,178.0,0.20224719101123595,,,,,,
H1@D1,wick_touch,any,continuation,any,both,market,structure,zone,2.0,1.5,none,20,same,any,until_broken,999,0,any,any,any,any,any,any,any,any,own,any,none,20,24,close,69416,5237,928,928,263,665,0.2834051724137931,150,777,7285.091237792618,7.850313833828252,-418.2321428571413,2293.0207134424786,2070.5832917275006,-807.9373150173536,24138.999999999985,-11234.249999999975,25.532070801201584,0.02751300732888104,-1.0,2.4007945507600943,2.625597227380995,-1.0,20.408997955018386,-1.0,0.011459959087365634,0.0,0.3491057928474396,0.2409851127254948,69588.53884227978,105.94874725844606,1.0135592504692,7.8503138338281815,0.027513007328881067,544563.4057243327,537278.3144865402,7,35,65.26939655172414,84.5551330798479,57.642105263157895,529.0,161.0,0.30434782608695654,0.12470963484532785,399.0,102.0,0.2556390977443609,-0.10135169431573153,928.0,0.2834051724137931,928.0,0.2834051724137931,,,777.0,0.14414414414414414,150.0,1.0,1.0,1.0,,,,,928.0,0.2834051724137931,,,,,,
M15@H4,wick_touch,any,any,any,both,market,structure,zone,2.0,1.5,none,20,same,any,until_broken,999,0,any,any,any,any,any,any,any,any,own,any,none,20,24,close,118270,14233,1977,1977,562,1415,0.28426909458775923,376,1601,2878.7618293310998,1.456126367896358,-305.2500000000009,1697.6636886901622,1460.5783703445675,-578.0680440313185,20263.000000000055,-11244.214285714315,50.5166970686455,0.025552198820761502,-1.0,2.354670394427477,2.607680955638159,-1.0,30.945270337384088,-1.0,0.010851709386261833,0.0,0.4825046346781313,0.8351581136921614,121737.79069640004,60.487584614745074,1.0035194138091135,1.4561263678963883,0.02555219882076154,820845.0441336469,817966.2823043158,13,19,12.7902124430956,16.30427046263345,11.39452296819788,984.0,292.0,0.2967479674796748,0.09780327599422849,993.0,270.0,0.2719033232628399,-0.04604403475294594,1977.0,0.28426909458775923,1977.0,0.28426909458775923,1977.0,0.28426909458775923,1601.0,0.11617738913179262,376.0,1.0,,,,,,,,,,,,,,
M15@H4,wick_touch,with_daily,any,any,both,market,structure,zone,2.0,1.5,none,20,same,any,until_broken,999,0,any,any,any,any,any,any,any,any,own,any,none,20,24,close,118270,4170,1077,1077,330,747,0.3064066852367688,232,845,-1532.7678043215228,-1.42318273381757,-279.5357142857256,1522.4379073035182,1348.105076199039,-597.6003252342763,18418.99999999996,-6658.714285714268,89.56021630150812,0.0831571182001004,-1.0,2.1292990652295116,2.535030958489419,-1.0,17.068941548183105,-1.0,0.039053752269006474,0.0,1.2816534730156883,1.6093626679507422,61278.39026129084,55.649492861387344,0.9965664376153935,-1.423182733817555,0.08315711820010052,444874.67514568294,446407.4429500044,15,17,10.367455896007428,14.6,8.497657295850066,554.0,172.0,0.3104693140794224,0.23372080913775511,523.0,158.0,0.30210325047801145,-0.07633099801301775,1077.0,0.3064066852367688,1077.0,0.3064066852367688,1077.0,0.3064066852367688,845.0,0.11597633136094675,232.0,1.0,,,,,,,,,,,,,,
M15@H4,wick_touch,against_daily,any,any,both,market,structure,zone,2.0,1.5,none,20,same,any,until_broken,999,0,any,any,any,any,any,any,any,any,own,any,none,20,24,close,118270,6099,1373,1373,391,982,0.2847778587035688,225,1148,16739.357596349168,12.191811796321316,-275.0357142857183,1601.4015610314295,1358.266881961703,-523.7708688907094,20263.000000000055,-11244.214285714315,60.27732099335332,0.04390190895364407,-1.0,2.5448057456600486,2.6656708976812107,-1.0,30.945270337384088,-1.0,0.017251575696304155,0.0,0.6392401381947895,0.5363500990977621,50838.321428571624,112.38428238337363,1.0325451261434622,12.191811796321304,0.04390190895364399,531082.3508470259,514342.99325067666,9,23,12.810451565914057,14.097186700767264,12.298116089613035,654.0,196.0,0.2996941896024465,0.14085067445321592,719.0,195.0,0.2712100139082058,-0.04428236453275373,1373.0,0.2847778587035688,1373.0,0.2847778587035688,1373.0,0.2847778587035688,1148.0,0.1445993031358885,225.0,1.0,,,,,,,,,,,,,,
M15@H4,wick_touch,any,any,any,both,market,structure,fixed_rr,2.0,1.5,none,20,same,any,until_broken,999,0,any,any,any,any,any,any,any,any,own,any,none,20,24,close,118270,14233,3566,3566,1410,2156,0.3954010095344924,1057,2509,64056.539267097316,17.963134959926336,-234.80357142856292,1172.1604530164973,965.1427972069935,-601.4818204057345,17646.214285714268,-11244.214285714315,310.99999999999994,0.08721256309590576,-1.0,1.3719159617617454,1.749645390070922,-1.0,2.0,-1.0,0.06356990189392635,0.0,3.7961399123294965,4.507246376811594,108923.96582699931,69.0,1.049396048650299,17.963134959926265,0.08721256309590575,1360851.3440618608,1296794.8047947637,15,18,5.168676388109927,5.739893617021276,4.795106679035251,1823.0,748.0,0.4103126714207351,0.13110257816785514,1743.0,662.0,0.3798049340218015,0.04130808950086059,3566.0,0.3954010095344924,3566.0,0.3954010095344924,3566.0,0.3954010095344924,2509.0,0.1406935033878039,1057.0,1.0,,,,,,,,,,,,,,
M15@H4,wick_touch,any,any,any,both,market,structure,fixed_rr,3.0,1.5,none,20,same,any,until_broken,999,0,any,any,any,any,any,any,any,any,own,any,none,20,24,close,118270,14233,2834,2834,880,1954,0.310515172900494,644,2190,100616.97030919092,35.50351810486624,-304.0714285714216,1512.914588224088,1457.4372629862476,-604.8760599379256,26469.321428571402,-11244.214285714315,213.99999999999994,0.07551164431898374,-1.0,1.6772643953140238,2.463636363636364,-1.0,3.0,-1.0,0.04502071619116804,0.0,2.396692530960197,4.367346938775509,78576.78928571419,49.0,1.085129538802087,35.50351810486637,0.07551164431898394,1282544.7914278978,1181927.8211187066,7,18,7.434368383909669,9.236363636363636,6.622824974411464,1394.0,454.0,0.32568149210903874,0.14777618364418935,1440.0,426.0,0.29583333333333334,0.005555555555555556,2834.0,0.310515172900494,2834.0,0.310515172900494,2834.0,0.310515172900494,2190.0,0.10776255707762557,644.0,1.0,,,,,,,,,,,,,,
M15@H4,wick_touch,any,any,any,both,market,structure,fixed_rr,4.0,1.5,none,20,same,any,until_broken,999,0,any,any,any,any,any,any,any,any,own,any,none,20,24,close,118270,14233,2390,2390,658,1732,0.27531380753138074,452,1938,121976.22563749278,51.03607767259112,-321.5892857142876,1768.186103583695,1809.915924896456,-617.1757811457134,35292.428571428536,-11244.214285714315,282.0,0.11799163179916318,-1.0,1.9556324468026423,3.060790273556231,-1.0,4.0,-1.0,0.06033425759123264,0.0,2.949598634969453,5.320754716981132,85580.61071428587,53.0,1.114108613283937,51.036077672591034,0.11799163179916317,1190924.678581868,1068948.4529443756,8,22,9.792887029288703,14.118541033434651,8.149538106235566,1198.0,339.0,0.28297161936560933,0.18196994991652754,1192.0,319.0,0.2676174496644295,0.053691275167785234,2390.0,0.27531380753138074,2390.0,0.27531380753138074,2390.0,0.27531380753138074,1938.0,0.10629514963880289,452.0,1.0,,,,,,,,,,,,,,
M15@H4,wick_touch,any,push,any,both,market,structure,zone,2.0,1.5,none,20,same,any,until_broken,999,0,any,any,any,any,any,any,any,any,own,any,none,20,24,close,118270,619,193,193,53,140,0.27461139896373055,31,162,-77464.44353687992,-401.3701737662172,-423.0000000000018,1976.1671832066008,1351.5899618026965,-1064.9907965173059,7273.999999999978,-11244.214285714315,-28.752929379929984,-0.1489789087043005,-1.0,1.7301542229824018,2.099001332454151,-1.0,8.558962466717958,-1.0,-0.08610729998825997,0.0,-1.1962408421696533,-0.864519961734912,78082.30323998713,33.25883802871229,0.48044860514823684,-401.37017376621714,-0.14897890870430053,71634.26797554291,149098.71151242283,5,20,19.598445595854923,12.90566037735849,22.132142857142856,157.0,45.0,0.28662420382165604,-0.1528783297786968,36.0,8.0,0.2222222222222222,-0.13197310012984978,193.0,0.27461139896373055,193.0,0.27461139896373055,193.0,0.27461139896373055,162.0,0.13580246913580246,31.0,1.0,,,,,,,,,,,,,,
M15@H4,wick_touch,any,reversal,any,both,market,structure,zone,2.0,1.5,none,20,same,any,until_broken,999,0,any,any,any,any,any,any,any,any,own,any,none,20,24,close,118270,919,298,298,69,229,0.23154362416107382,55,243,12716.624692711892,42.67323722386541,-375.8035714285711,2133.738011162786,2270.639128947251,-628.635262902395,19028.999999999996,-3319.499999999971,-34.69118426963725,-0.11641337003233986,-1.0,2.1600065417020495,2.8160697931936625,-1.0,17.7072781655034,-1.0,-0.053894915494379955,0.0,-0.9303704912622789,-0.5463108017886009,22808.433198488325,63.50082069777794,1.0883359802930277,42.67323722386527,-0.11641337003233998,156674.0998973603,143957.47520464845,3,20,11.704697986577182,19.347826086956523,9.40174672489083,56.0,8.0,0.14285714285714285,-0.5117050888561235,242.0,61.0,0.25206611570247933,-0.024940906172290746,298.0,0.23154362416107382,298.0,0.23154362416107382,298.0,0.23154362416107382,243.0,0.05761316872427984,55.0,1.0,,,,,,,,,,,,,,
M15@H4,wick_touch,any,continuation,any,both,market,structure,zone,2.0,1.5,none,20,same,any,until_broken,999,0,any,any,any,any,any,any,any,any,own,any,none,20,24,close,118270,9999,1736,1736,475,1261,0.2736175115207373,373,1363,-22906.986585481332,-13.195268770438556,-311.94642857143435,1625.4822102930748,1534.5043360063266,-596.1907582779434,20263.000000000055,-6782.785714285728,80.67845680230643,0.046473765439116604,-1.0,2.4568735574515075,2.824586224846961,-1.0,30.945270337384088,-1.0,0.01891581489741923,0.0,0.7881337325690544,1.4489698166830474,110616.41785714273,55.679873985914995,0.9695303380926436,-13.195268770438645,0.04647376543911663,728889.5596030052,751796.5461884866,7,18,12.473358294930875,17.330526315789474,10.643735130848533,905.0,258.0,0.2850828729281768,0.11962544738438802,831.0,217.0,0.2611311672683514,-0.03319202536770726,1736.0,0.2736175115207373,1736.0,0.2736175115207373,1736.0,0.2736175115207373,1363.0,0.0748349229640499,373.0,1.0,,,,,,,,,,,,,,
M5@H1,wick_touch,any,any,any,both,market,structure,zone,2.0,1.5,none,20,same,any,until_broken,999,0,any,any,any,any,any,any,any,any,own,any,none,20,24,close,156071,20369,2454,2454,742,1712,0.3023634881825591,512,1941,23833.906967203515,9.712268527792792,-265.12857142856774,1984.4006566736957,1399.1309142692435,-592.4773548017379,49593.00000000003,-6604.39285714283,159.2639997726837,0.06489975540859154,-1.0,2.389874703532551,2.521919137159951,-1.0,30.113560454239476,-1.0,0.027156133044406516,0.0,1.3452568338295834,2.00039407139097,78501.92857142829,79.61631263081068,1.023497395330889,9.71226852779273,0.0648997554085915,1038155.1383877787,1014321.2314205752,10,21,4.277370279815267,4.730458221024259,4.080996884735202,1241.0,411.0,0.3311845286059629,0.17108560180675078,1213.0,331.0,0.27287716405605933,-0.043737206982270384,2454.0,0.3023634881825591,2454.0,0.3023634881825591,,,1941.0,0.11798042246264812,512.0,1.0,1.0,1.0,2454.0,0.3023634881825591,,,,,,,,,,
M5@H1,wick_touch,with_daily,any,any,both,market,structure,zone,2.0,1.5,none,20,same,any,until_broken,999,0,any,any,any,any,any,any,any,any,own,any,none,20,24,close,156071,7588,1521,1521,455,1066,0.29914529914529914,341,1179,-76992.26602149772,-50.619504287638215,-269.14285714283324,1417.9727852632234,1246.2170086889907,-604.1472842166871,17178.999999999996,-5410.178571428514,62.64254407433877,0.04118510458536405,-1.0,2.220756152191968,2.4805330638996455,-1.0,30.113560454239476,-1.0,0.018545532135400295,0.0,0.7232757532806116,0.7995276256411665,118042.08928571426,78.34944292775842,0.8804506911626463,-50.619504287638165,0.04118510458536406,567028.7389534907,644021.0049749885,8,15,3.9791255752794212,5.125274725274726,3.4899155722326456,959.0,307.0,0.32012513034410844,0.12839539181308832,562.0,148.0,0.26334519572953735,-0.1076310261110552,1521.0,0.29914529914529914,1521.0,0.29914529914529914,,,1179.0,0.09584393553859202,341.0,1.0,1.0,1.0,1521.0,0.29914529914529914,,,,,,,,,,
M5@H1,wick_touch,against_daily,any,any,both,market,structure,zone,2.0,1.5,none,20,same,any,until_broken,999,0,any,any,any,any,any,any,any,any,own,any,none,20,24,close,156071,7654,1673,1673,542,1131,0.3239689181111775,358,1315,158800.99735377182,94.91990278169266,-224.2500000000291,2106.958534387291,1362.5731753520113,-512.5673418983362,49593.00000000003,-6604.39285714283,160.47440172007083,0.09592014448300708,-1.0,2.242706598481673,2.3827940991145216,-1.0,19.39253609371332,-1.0,0.04276981418253535,0.0,1.7493847403341527,3.733743497328584,43497.39285714296,42.979492789177115,1.2739300577181274,94.91990278169271,0.09592014448300701,738514.6610407901,579713.6636870182,11,18,3.07083084279737,3.6425276752767526,2.796861184792219,643.0,242.0,0.37636080870917576,0.2900515170438804,1030.0,300.0,0.2912621359223301,-0.02527060557198477,1673.0,0.3239689181111775,1673.0,0.3239689181111775,,,1315.0,0.1399239543726236,358.0,1.0,,,1673.0,0.3239689181111775,,,,,,,,,,
M5@H1,wick_touch,any,any,any,both,market,structure,fixed_rr,2.0,1.5,none,20,same,any,until_broken,999,0,any,any,any,any,any,any,any,any,own,any,none,20,24,close,156071,20369,4858,4858,1955,2903,0.40242898312062575,1429,3429,205236.95179394275,42.24721115560781,-200.14285714287325,1105.0950937248915,940.1376504647919,-562.4292645073116,14941.71428571426,-6604.39285714283,481.0,0.09901193906957596,-1.0,1.3685920184978626,1.7309462915601024,-1.0,2.0,-1.0,0.07234583990797298,0.0,5.04245833315137,10.020833333333334,43647.42857142867,48.0,1.1257015433807922,42.24721115560783,0.09901193906957595,1837969.1066586683,1632732.1548647257,12,15,1.516810758885687,1.723231031543052,1.3777988287977954,2444.0,1039.0,0.4251227495908347,0.16039279869067102,2414.0,916.0,0.37945318972659486,0.03686826843413422,4858.0,0.40242898312062575,4858.0,0.40242898312062575,,,3429.0,0.15339749198016914,1429.0,1.0,,,4858.0,0.40242898312062575,,,,,,,,,,
M5@H1,wick_touch,any,any,any,both,market,structure,fixed_rr,3.0,1.5,none,20,same,any,until_broken,999,0,any,any,any,any,any,any,any,any,own,any,none,20,24,close,156071,20369,3741,3741,1214,2527,0.3245121625233895,831,2910,163866.96310673968,43.80298399004001,-255.8571428571213,1387.849863589161,1340.9463112917072,-579.3596592011844,22412.57142857139,-6604.39285714283,348.9999999999999,0.0932905640203154,-1.0,1.6640619069781803,2.3690280065897857,-1.0,3.0000000000000173,-1.0,0.0560619551647117,0.0,3.4289574330962513,6.345454545454543,56552.415829399964,55.0,1.1119277854807355,43.80298399004005,0.09329056402031555,1627908.8219081324,1464041.8588013928,14,19,2.3519335293593513,3.1267160900604063,1.9797190344281757,1882.0,654.0,0.3475026567481403,0.18172157279489898,1859.0,560.0,0.3012372243141474,0.0037654653039268424,3741.0,0.3245121625233895,3741.0,0.3245121625233895,,,2910.0,0.1316151202749141,831.0,1.0,,,3741.0,0.3245121625233895,,,,,,,,,,
M5@H1,wick_touch,any,any,any,both,market,structure,fixed_rr,4.0,1.5,none,20,same,any,until_broken,999,0,any,any,any,any,any,any,any,any,own,any,none,20,24,close,156071,20369,2896,2896,781,2115,0.269682320441989,527,2368,124176.13088823974,42.87849823488941,-281.51785714285325,1676.480060866605,1743.2593117967622,-585.0162608156177,29883.42857142852,-6604.39285714283,248.25151148730345,0.08572220700528436,-1.0,1.9300181781670855,3.0259302323781094,-1.0,4.000000000000037,-1.0,0.044415232962569134,0.0,2.390183384966404,5.51670025527341,62933.548703794295,45.0,1.1003598063093598,42.87849823488949,0.08572220700528443,1361485.5225132713,1237309.3916250314,8,25,3.360036832412523,5.134229620145113,2.7048857368006303,1460.0,410.0,0.2808219178082192,0.16866541882692018,1436.0,371.0,0.25835654596100277,0.001392757660167131,2896.0,0.269682320441989,2896.0,0.269682320441989,,,2368.0,0.10684121621621621,527.0,1.0,1.0,1.0,2896.0,0.269682320441989,,,,,,,,,,
M5@H1,wick_touch,any,push,any,both,market,structure,zone,2.0,1.5,none,20,same,any,until_broken,999,0,any,any,any,any,any,any,any,any,own,any,none,20,24,close,156071,580,203,203,57,146,0.28078817733990147,42,161,-16740.28774214994,-82.4644716362066,-399.53571428573014,2135.078320838741,1872.9848768030422,-845.8933268487901,17178.999999999996,-6604.39285714283,8.598927987190848,0.04235925116842782,-1.0,1.9931655824286512,2.71226189451212,-1.0,8.436586863106124,-1.0,0.021252248956061905,0.0,0.3027979382280503,0.3005204140307811,31090.567857143196,28.61345714208318,0.864451578651932,-82.46447163620667,0.04235925116842776,106760.13797777341,123500.42571992335,6,16,4.130131362889983,6.747076023391813,3.1084474885844746,202.0,57.0,0.28217821782178215,0.047519445481142814,1.0,0.0,0.0,-1.0,203.0,0.28078817733990147,203.0,0.28078817733990147,,,161.0,0.09316770186335403,42.0,1.0,,,203.0,0.28078817733990147,,,,,,,,,,
M5@H1,wick_touch,any,reversal,any,both,market,structure,zone,2.0,1.5,none,20,same,any,until_broken,999,0,any,any,any,any,any,any,any,any,own,any,none,20,24,close,156071,1096,397,397,109,288,0.27455919395465994,87,310,-7572.769158762187,-19.074985286554625,-249.53571428573014,1152.537993923037,1149.2946192944323,-461.27042590921985,11788.000000000011,-2445.964285714308,-9.637039674602931,-0.02427465912998223,-1.0,2.105364142836868,2.553788626838505,-1.0,12.109850353560093,-1.0,-0.011529910021775804,0.0,-0.22973182968140857,-0.18978334454841075,30377.675000000083,50.779164512746135,0.9429958309055175,-19.074985286554693,-0.02427465912998228,125273.11350309313,132845.8826618553,7,17,3.1330814441645676,3.793577981651376,2.883101851851852,9.0,5.0,0.5555555555555556,2.036122368125084,388.0,104.0,0.26804123711340205,-0.07206737367971316,397.0,0.27455919395465994,397.0,0.27455919395465994,,,310.0,0.07096774193548387,87.0,1.0,,,397.0,0.27455919395465994,,,,,,,,,,
M5@H1,wick_touch,any,continuation,any,both,market,structure,zone,2.0,1.5,none,20,same,any,until_broken,999,0,any,any,any,any,any,any,any,any,own,any,none,20,24,close,156071,14329,2208,2208,644,1564,0.2916666666666667,509,1698,26981.73441164776,12.219988411072356,-268.1250000000091,2006.2375874666002,1453.3318394023593,-581.1790090559282,49593.00000000003,-6107.3571428571995,104.92116186041847,0.04751864214692868,-1.0,2.398387146692327,2.5914924873608984,-1.0,30.113560454239476,-1.0,0.01981274883517566,0.0,0.930988397470079,1.2230836446299351,84098.00211058286,85.78412631146266,1.0296840527208082,12.219988411072393,0.0475186421469288,935945.7045751193,908963.9701634716,9,19,4.260341183574879,5.053830227743271,3.9336104006820123,1188.0,376.0,0.3164983164983165,0.11433305667837423,1020.0,268.0,0.2627450980392157,-0.030300499483813772,2208.0,0.2916666666666667,2208.0,0.2916666666666667,,,1698.0,0.07891637220259129,509.0,1.0,1.0,1.0,2208.0,0.2916666666666667,,,,,,,,,,
H1@H4,wick_touch,any,any,any,both,limit,zone,fixed_rr,2.0,1.5,none,20,same,any,until_broken,999,0,any,any,any,any,any,any,any,any,own,any,none,20,24,close,102673,21292,986,986,645,341,0.654158215010142,645,341,198213.80357142852,201.02819834830478,153.23214285715494,571.0763850974786,404.39662236987806,-183.64228110599063,7056.642857142833,-1872.375000000011,949.0,0.962474645030426,2.0,1.4276499314494575,2.0,-1.0,2.0,-1.0,0.6741671216649374,0.0,21.169277021733897,105.44444444444444,3553.125,9.0,4.165241401572304,201.0281983483048,0.9624746450304261,260835.82142857136,62622.017857142804,16,9,8.220081135902637,8.297674418604652,8.073313782991203,565.0,390.0,0.6902654867256637,1.0707964601769913,421.0,255.0,0.6057007125890737,0.8171021377672208,986.0,0.654158215010142,986.0,0.654158215010142,986.0,0.654158215010142,341.0,0.0,645.0,1.0,,,,,,,,,,,,,,
H1@H4,wick_touch,with_daily,any,any,both,limit,zone,fixed_rr,2.0,1.5,none,20,same,any,until_broken,999,0,any,any,any,any,any,any,any,any,own,any,none,20,24,close,102673,5332,252,252,164,88,0.6507936507936508,164,88,30156.6964285715,119.66943027210912,120.33928571429442,278.943455682894,263.02417247386825,-147.4916801948055,1564.4642857141662,-700.8928571428442,240.0,0.9523809523809523,2.0,1.4330039373902577,2.0,-1.0,2.0,-1.0,0.6646045607630353,0.0,10.550270327869843,40.0,2606.7857142856155,6.0,3.3234512732530876,119.66943027210917,0.9523809523809524,43135.96428571439,12979.267857142884,14,6,3.3412698412698414,3.067073170731707,3.852272727272727,148.0,95.0,0.6418918918918919,0.9256756756756757,104.0,69.0,0.6634615384615384,0.9903846153846154,252.0,0.6507936507936508,252.0,0.6507936507936508,252.0,0.6507936507936508,88.0,0.0,164.0,1.0,,,,,,,,,,,,,,
H1@H4,wick_touch,any,any,any,both,limit,structure,zone,2.0,1.5,none,20,same,any,until_broken,999,0,any,any,any,any,any,any,any,any,own,any,none,20,24,close,102673,21292,595,595,297,298,0.4991596638655462,188,407,290539.0564108194,488.3009351442343,-24.214285714288053,3827.3141446335803,2305.422267857497,-1322.7226749760307,53998.821428571406,-21169.92857142859,369.19469031301287,0.6204952778369968,-1.0,2.0692142364626482,2.2464467687306837,-1.0,17.10107582408104,-1.0,0.2998700022950463,0.0,7.314615565733888,29.795941075333722,82215.64285714281,12.39077125906411,1.7370882007175399,488.30093514423436,0.6204952778369968,684710.4135536766,394171.35714285716,7,10,105.02689075630252,95.52861952861953,114.49328859060402,343.0,175.0,0.5102040816326531,0.7198034866199219,252.0,122.0,0.48412698412698413,0.4853257714380155,595.0,0.4991596638655462,595.0,0.4991596638655462,595.0,0.4991596638655462,407.0,0.2678132678132678,188.0,1.0,,,,,,,,,,,,,,
H1@H4,wick_touch,with_daily,any,any,both,limit,structure,zone,2.0,1.5,none,20,same,any,until_broken,999,0,any,any,any,any,any,any,any,any,own,any,none,20,24,close,102673,5332,179,179,91,88,0.5083798882681564,56,123,68296.26772654921,381.54339512038666,37.44642857141116,2331.426058326581,1612.0582795696148,-890.9208603896107,23739.10714285712,-4020.321428571424,108.03815868514371,0.6035651323192386,0.8563971340839279,1.8811718184625936,2.1542654800565244,-1.0,6.661217075385976,-1.0,0.32084529780618776,0.0,4.292617525153749,12.004239853904856,9615.642857142891,9.0,1.8711143558796723,381.5433951203865,0.6035651323192385,146697.30344083495,78401.03571428574,8,9,43.402234636871505,39.46153846153846,47.47727272727273,96.0,45.0,0.46875,0.579559491056963,83.0,46.0,0.5542168674698795,0.6313306932972921,179.0,0.5083798882681564,179.0,0.5083798882681564,179.0,0.5083798882681564,123.0,0.2845528455284553,56.0,1.0,,,,,,,,,,,,,,
H1@H4,wick_touch,any,push,any,both,limit,structure,fixed_rr,2.0,1.5,none,20,same,any,until_broken,999,0,any,any,any,any,any,any,any,any,own,any,none,20,24,close,102673,335,35,35,21,14,0.6,17,18,49597.707880518334,1417.0773680148095,774.0357142857192,9790.972002582812,5578.907858255976,-4825.668367346941,42339.85714285718,-18945.642857142866,23.999999999999996,0.6857142857142856,1.0,1.4301671759834595,1.8095238095238095,-1.0,2.0,-1.0,0.479464427116887,0.0,2.836549803981655,5.999999999999999,54447.571428571566,4.0,1.7341352845563913,1417.077368014809,0.6857142857142856,117157.0650233755,67559.35714285717,7,3,175.02857142857144,196.47619047619048,142.85714285714286,35.0,21.0,0.6,0.6857142857142856,0.0,0.0,0.0,0.0,35.0,0.6,35.0,0.6,35.0,0.6,18.0,0.2222222222222222,17.0,1.0,,,,,,,,,,,,,,
H1@H4,wick_touch,any,push,any,both,limit,zone,fixed_rr,2.0,1.5,none,20,same,any,until_broken,999,0,any,any,any,any,any,any,any,any,own,any,none,20,24,close,102673,335,47,47,31,16,0.6595744680851063,31,16,39496.446428571406,840.3499240121575,359.8214285714221,1789.6225610680892,1459.673963133641,-359.59040178571695,7056.642857142833,-1500.1964285714394,46.0,0.9787234042553191,2.0,1.436925487495523,2.0,-1.0,2.0,-1.0,0.6811232821551357,0.0,4.669545962747114,23.0,1500.1964285714384,2.0,7.864832569298471,840.3499240121574,0.978723404255319,45249.89285714288,5753.446428571471,6,2,18.872340425531913,22.903225806451612,11.0625,47.0,31.0,0.6595744680851063,0.9787234042553191,0.0,0.0,0.0,0.0,47.0,0.6595744680851063,47.0,0.6595744680851063,47.0,0.6595744680851063,16.0,0.0,31.0,1.0,,,,,,,,,,,,,,
H1@H4,wick_touch,any,push,any,both,limit,structure,zone,2.0,1.5,none,20,same,any,until_broken,999,0,any,any,any,any,any,any,any,any,own,any,none,20,24,close,102673,335,35,35,17,18,0.4857142857142857,12,23,-40945.93497662457,-1169.8838564749879,-754.6071428571452,7463.678113050965,3465.8126484338522,-5548.04166666667,18363.15714285715,-21169.92857142859,13.019169434825805,0.37197626956645136,-1.0,1.5668806529630088,1.8246570255779881,-1.0,3.5531908373553978,-1.0,0.23739923577653174,0.0,1.4044728193008384,1.631369599672319,87174.61428571437,7.980514922823662,0.5899861064427183,-1169.8838564749874,0.37197626956645147,58918.815023375486,99864.75000000006,9,4,246.42857142857142,213.05882352941177,277.94444444444446,35.0,17.0,0.4857142857142857,0.3719762695664516,0.0,0.0,0.0,0.0,35.0,0.4857142857142857,35.0,0.4857142857142857,35.0,0.4857142857142857,23.0,0.21739130434782608,12.0,1.0,,,,,,,,,,,,,,
H1@D1,wick_touch,any,any,any,both,limit,zone,fixed_rr,2.0,1.5,none,20,same,any,until_broken,999,0,any,any,any,any,any,any,any,any,own,any,none,20,24,close,69416,7583,97,97,69,28,0.711340206185567,69,28,33433.69642857126,344.67728276877585,204.10714285717404,694.0172956429632,620.1102484472028,-334.0682397959191,4000.892857142935,-1872.375000000011,110.0,1.134020618556701,2.0,1.366480164962929,2.0,-1.0,2.0,-1.0,0.8298844342079899,0.0,8.173413784438507,36.666666666666664,1872.375000000011,3.0,4.574301428546857,344.6772827687759,1.134020618556701,42787.60714285699,9353.910714285736,8,3,16.50515463917526,14.26086956521739,22.035714285714285,56.0,45.0,0.8035714285714286,1.4107142857142858,41.0,24.0,0.5853658536585366,0.7560975609756098,97.0,0.711340206185567,97.0,0.711340206185567,,,28.0,0.0,69.0,1.0,,,,,,,97.0,0.711340206185567,,,,,,
H1@D1,wick_touch,with_daily,any,any,both,limit,zone,fixed_rr,2.0,1.5,none,20,same,any,until_broken,999,0,any,any,any,any,any,any,any,any,own,any,none,20,24,close,69416,2438,13,13,8,5,0.6153846153846154,8,5,3093.0178571428314,237.92445054944858,192.6071428571504,335.8851351098595,445.0580357142883,-93.48928571429497,738.0357142857065,-142.0892857142917,11.0,0.8461538461538461,2.0,1.5191090506255,2.0,-1.0,2.0,-1.0,0.5570066518960166,0.0,2.0083160441856087,5.5,191.14285714288144,2.0,7.616839209992796,237.9244505494486,0.8461538461538463,3560.4642857143062,467.4464285714748,3,2,2.769230769230769,3.875,1.0,6.0,5.0,0.8333333333333334,1.5,7.0,3.0,0.42857142857142855,0.2857142857142857,13.0,0.6153846153846154,13.0,0.6153846153846154,,,5.0,0.0,8.0,1.0,,,,,,,13.0,0.6153846153846154,,,,,,
H1@D1,wick_touch,any,any,any,both,limit,structure,zone,2.0,1.5,none,20,same,any,until_broken,999,0,any,any,any,any,any,any,any,any,own,any,none,20,24,close,69416,7583,72,72,53,19,0.7361111111111112,18,53,212638.915273589,2953.318267688736,927.3434362982016,6868.744235379145,4537.245032116235,-1465.0037593984973,44681.05000000005,-4044.8571428571313,83.38665957862443,1.1581480497031171,1.0,2.1378165073624738,1.931823765634423,-1.0,7.723919308357452,-1.0,0.5417434310730342,0.0,4.596845445300114,41.693329789312216,4283.785714285703,2.0,8.639244462485005,2953.3182676887363,1.1581480497031171,240473.98670216044,27835.07142857145,9,2,168.56944444444446,145.71698113207546,232.31578947368422,42.0,31.0,0.7380952380952381,1.1723937525204202,30.0,22.0,0.7333333333333333,1.138204065758892,72.0,0.7361111111111112,72.0,0.7361111111111112,,,53.0,0.6415094339622641,18.0,1.0,1.0,1.0,,,,,72.0,0.7361111111111112,,,,,,
H1@D1,wick_touch,with_daily,any,any,both,limit,structure,zone,2.0,1.5,none,20,same,any,until_broken,999,0,any,any,any,any,any,any,any,any,own,any,none,20,24,close,69416,2438,12,12,7,5,0.5833333333333334,1,11,12933.514285714227,1077.7928571428522,559.8571428571518,3910.2791229508734,2827.7112244897903,-1372.0928571428612,12608.478571428577,-2214.107142857165,6.776229977584727,0.5646858314653939,1.0,1.9197156914230644,1.6823185682263895,-1.0,5.776229977584727,-1.0,0.2941507609633583,0.0,1.018968126147169,3.3881149887923634,3793.178571428598,2.0,2.8852243444581385,1077.7928571428524,0.564685831465394,19793.97857142853,6860.464285714306,5,2,50.25,23.714285714285715,87.4,5.0,3.0,0.6,1.1552459955169454,7.0,4.0,0.5714285714285714,0.14285714285714285,12.0,0.5833333333333334,12.0,0.5833333333333334,,,11.0,0.5454545454545454,1.0,1.0,,,,,,,12.0,0.5833333333333334,,,,,,
H1@D1,wick_touch,any,push,any,both,limit,structure,fixed_rr,2.0,1.5,none,20,same,any,until_broken,999,0,any,any,any,any,any,any,any,any,own,any,none,20,24,close,69416,142,6,6,2,4,0.3333333333333333,2,4,-519.7499999999764,-86.62499999999606,-1648.6071428571336,3821.3212542174006,4670.357142857142,-2465.116071428565,4975.071428571437,-4044.8571428571313,0.0,0.0,-1.0,1.5491933384829668,2.0,-1.0,2.0,-1.0,0.0,0.0,0.0,0.0,5815.6071428571295,3.0,0.9472895002770828,-86.62499999999636,-1.1102230246251565e-16,9340.714285714284,9860.46428571426,1,3,334.5,223.5,390.0,2.0,1.0,0.5,0.5,4.0,1.0,0.25,-0.25,6.0,0.3333333333333333,6.0,0.3333333333333333,,,4.0,0.0,2.0,1.0,,,,,,,6.0,0.3333333333333333,,,,,,
H1@D1,wick_touch,any,push,any,both,limit,zone,fixed_rr,2.0,1.5,none,20,same,any,until_broken,999,0,any,any,any,any,any,any,any,any,own,any,none,20,24,close,69416,142,15,15,10,5,0.6666666666666666,10,5,7519.607142857149,501.3071428571432,727.6071428571413,736.2279467139206,953.0749999999989,-402.2285714285681,1568.5714285714312,-419.73214285712857,15.0,1.0,2.0,1.4638501094227998,2.0,-1.0,2.0,-1.0,0.6831300510639732,0.0,2.6457513110645903,3.0,2011.1428571428405,5.0,4.7389721551357065,501.30714285714316,0.9999999999999999,9530.749999999989,2011.1428571428405,6,5,32.13333333333333,24.2,48.0,4.0,4.0,1.0,2.0,11.0,6.0,0.5454545454545454,0.6363636363636364,15.0,0.6666666666666666,15.0,0.6666666666666666,,,5.0,0.0,10.0,1.0,,,,,,,15.0,0.6666666666666666,,,,,,
H1@D1,wick_touch,any,push,any,both,limit,structure,zone,2.0,1.5,none,20,same,any,until_broken,999,0,any,any,any,any,any,any,any,any,own,any,none,20,24,close,69416,142,6,6,2,4,0.3333333333333333,2,4,4607.514285714296,767.9190476190494,-1695.8571428571418,6159.913917197133,7322.971428571429,-2509.6071428571404,12608.478571428577,-4044.8571428571313,2.627644051161328,0.4379406751935547,-1.0,2.718050274321608,3.3138220255806643,-1.0,5.776229977584727,-1.0,0.16112309596733243,0.0,0.3946693708974504,1.222964378034154,3956.1071428571495,2.1485859264233986,1.458987604775934,767.9190476190493,0.4379406751935546,14645.942857142858,10038.428571428562,1,2,470.6666666666667,200.0,606.0,2.0,1.0,0.5,2.3881149887923634,4.0,1.0,0.25,-0.5371464816058497,6.0,0.3333333333333333,6.0,0.3333333333333333,,,4.0,0.0,2.0,1.0,,,,,,,6.0,0.3333333333333333,,,,,,
M15@H4,wick_touch,any,any,any,both,limit,zone,fixed_rr,2.0,1.5,none,20,same,any,until_broken,999,0,any,any,any,any,any,any,any,any,own,any,none,20,24,close,118270,14233,235,235,167,68,0.7106382978723405,167,68,30692.089285714133,130.604635258358,140.6428571428478,286.9559200727849,230.8834473909314,-115.66832983193248,3153.107142857152,-834.7142857142899,266.0,1.1319148936170214,2.0,1.3633020470014812,2.0,-1.0,2.0,-1.0,0.8302744766697996,0.0,12.72786671257944,66.5,1429.1250000000218,4.0,4.902142054419752,130.60463525835803,1.1319148936170214,38557.53571428554,7865.446428571408,13,4,0.26276595744680853,0.25898203592814373,0.27205882352941174,132.0,93.0,0.7045454545454546,1.1136363636363635,103.0,74.0,0.7184466019417476,1.1553398058252426,235.0,0.7106382978723405,235.0,0.7106382978723405,235.0,0.7106382978723405,68.0,0.0,167.0,1.0,,,,,,,,,,,,,,
M15@H4,wick_touch,with_daily,any,any,both,limit,zone,fixed_rr,2.0,1.5,none,20,same,any,until_broken,999,0,any,any,any,any,any,any,any,any,own,any,none,20,24,close,118270,4170,78,78,57,21,0.7307692307692307,57,21,12307.892857143088,157.79349816850112,151.91071428571377,232.7240492163765,254.7067669172967,-105.25680272108687,1126.0357142857174,-215.89285714285325,93.0,1.1923076923076923,2.0,1.3392932067722485,2.0,-1.0,2.0,-1.0,0.8902514298427622,0.0,7.862487739277719,31.0,325.3035714285488,3.0,6.5681924674025565,157.7934981685011,1.192307692307692,14518.285714285912,2210.392857142824,8,3,0.266025641025641,0.2631578947368421,0.27380952380952384,40.0,30.0,0.75,1.25,38.0,27.0,0.7105263157894737,1.131578947368421,78.0,0.7307692307692307,78.0,0.7307692307692307,78.0,0.7307692307692307,21.0,0.0,57.0,1.0,,,,,,,,,,,,,,
M15@H4,wick_touch,any,any,any,both,limit,structure,zone,2.0,1.5,none,20,same,any,until_broken,999,0,any,any,any,any,any,any,any,any,own,any,none,20,24,close,118270,14233,178,178,103,75,0.5786516853932584,28,150,64798.76397930747,364.0379998837498,213.74107142858065,2074.0219228602427,1272.1041579128344,-883.0395238095261,18696.514285714282,-9459.321428571457,131.97693497692154,0.7414434549265255,1.0,2.103049085142183,2.0094848056011796,-1.0,11.362008932640377,-1.0,0.3525564192318402,0.0,4.703689309042501,32.994233744230385,21177.107142857218,4.0,1.978419987360003,364.0379998837498,0.7414434549265252,131026.72826502194,66227.96428571446,7,4,20.84550561797753,10.004854368932039,35.733333333333334,92.0,47.0,0.5108695652173914,0.7208755897851383,86.0,56.0,0.6511627906976745,0.7634462874033582,178.0,0.5786516853932584,178.0,0.5786516853932584,178.0,0.5786516853932584,150.0,0.5,28.0,1.0,,,,,,,,,,,,,,
M15@H4,wick_touch,with_daily,any,any,both,limit,structure,zone,2.0,1.5,none,20,same,any,until_broken,999,0,any,any,any,any,any,any,any,any,own,any,none,20,24,close,118270,4170,67,67,35,32,0.5223880597014925,9,58,12689.316687440649,189.39278637971117,130.7499999999436,1413.3444620474033,1123.0978237227969,-831.8470982142892,4453.642857142859,-3378.107142857152,33.36589376804585,0.49799841444844545,1.0,1.8484284454700026,1.86759696480131,-1.0,6.595778085625653,-1.0,0.26941719906383427,0.0,2.2052748171472674,6.67317875360917,9615.321428571453,5.0,1.4766995609334546,189.3927863797109,0.4979984144484454,39308.42383029789,26619.107142857254,7,5,14.037313432835822,11.971428571428572,16.296875,32.0,12.0,0.375,0.19285087017270008,35.0,23.0,0.6571428571428571,0.7769904549291269,67.0,0.5223880597014925,67.0,0.5223880597014925,67.0,0.5223880597014925,58.0,0.4482758620689655,9.0,1.0,,,,,,,,,,,,,,
M15@H4,wick_touch,any,push,any,both,limit,structure,fixed_rr,2.0,1.5,none,20,same,any,until_broken,999,0,any,any,any,any,any,any,any,any,own,any,none,20,24,close,118270,619,21,21,17,4,0.8095238095238095,6,15,34485.14776163443,1642.1498934111632,751.7857142856883,4265.3585970906515,2229.7145742137927,-855.0000000000125,18918.642857142913,-1484.8928571428587,19.0,0.9047619047619048,1.0,1.0442586798663398,1.3529411764705883,-1.0,2.0,-1.0,0.866415498579059,0.0,3.9704146055214418,9.5,2244.6428571428896,2.0,11.083376538489452,1642.1498934111632,0.9047619047619049,37905.14776163448,3420.00000000005,7,2,4.785714285714286,5.102941176470588,3.4375,17.0,13.0,0.7647058823529411,0.8235294117647058,4.0,4.0,1.0,1.25,21.0,0.8095238095238095,21.0,0.8095238095238095,21.0,0.8095238095238095,15.0,0.7333333333333333,6.0,1.0,,,,,,,,,,,,,,
M15@H4,wick_touch,any,push,any,both,limit,zone,fixed_rr,2.0,1.5,none,20,same,any,until_broken,999,0,any,any,any,any,any,any,any,any,own,any,none,20,24,close,118270,619,25,25,15,10,0.6,15,10,5478.98214285708,219.15928571428321,128.92857142855974,662.6767083980817,431.61904761904225,-99.53035714285534,3153.107142857152,-247.48214285714312,20.0,0.8,2.0,1.5,2.0,-1.0,2.0,-1.0,0.5333333333333333,0.0,2.6666666666666665,10.0,260.24999999999636,2.0,6.504835208210023,219.15928571428321,0.7999999999999999,6474.285714285634,995.3035714285534,4,2,0.28,0.25,0.325,17.0,10.0,0.5882352941176471,0.7647058823529411,8.0,5.0,0.625,0.875,25.0,0.6,25.0,0.6,25.0,0.6,10.0,0.0,15.0,1.0,,,,,,,,,,,,,,
M15@H4,wick_touch,any,push,any,both,limit,structure,zone,2.0,1.5,none,20,same,any,until_broken,999,0,any,any,any,any,any,any,any,any,own,any,none,20,24,close,118270,619,21,21,15,6,0.7142857142857143,3,18,16954.683475920043,807.3658798057163,369.76785714282414,4712.3100316521195,2024.5408031565796,-2235.571428571442,18696.514285714282,-9459.321428571457,17.20948555393873,0.8194993120923205,1.0,1.6055278325130062,1.5472990369292488,-1.0,5.577243671695243,-1.0,0.5104236099162621,0.0,2.3390548289338833,8.604742776969365,9459.321428571457,2.0,2.2640081829663194,807.3658798057164,0.8194993120923205,30368.112047348695,13413.428571428653,7,2,66.07142857142857,10.116666666666667,205.95833333333334,17.0,12.0,0.7058823529411765,0.8946756208199254,4.0,3.0,0.75,0.5,21.0,0.7142857142857143,21.0,0.7142857142857143,21.0,0.7142857142857143,18.0,0.6666666666666666,3.0,1.0,,,,,,,,,,,,,,
M5@H1,wick_touch,any,any,any,both,limit,zone,fixed_rr,2.0,1.5,none,20,same,any,until_broken,999,0,any,any,any,any,any,any,any,any,own,any,none,20,24,close,156071,20369,371,371,244,127,0.6576819407008087,244,127,42618.767857144034,114.87538505968742,110.42857142856519,298.35306162508,249.69145199063627,-144.14131046119073,2193.9642857141735,-1017.8928571428514,361.0,0.9730458221024259,2.0,1.4253785255636147,2.0,-1.0,2.0,-1.0,0.6826578376559096,0.0,13.148918561963136,90.25,1831.6249999999854,4.0,3.3281379099103163,114.87538505968743,0.973045822102426,60924.71428571525,18305.946428571224,12,4,0.08468104222821203,0.08401639344262295,0.08595800524934383,235.0,159.0,0.676595744680851,1.0297872340425531,136.0,85.0,0.625,0.875,371.0,0.6576819407008087,371.0,0.6576819407008087,,,127.0,0.0,244.0,1.0,,,371.0,0.6576819407008087,,,,,,,,,,
M5@H1,wick_touch,with_daily,any,any,both,limit,zone,fixed_rr,2.0,1.5,none,20,same,any,until_broken,999,0,any,any,any,any,any,any,any,any,own,any,none,20,24,close,156071,7588,129,129,90,39,0.6976744186046512,90,39,18232.55357142816,141.33762458471443,125.10714285717768,272.93506010888643,257.8916666666636,-127.63324175824518,1099.5357142855937,-474.41071428575015,141.0,1.0930232558139534,2.0,1.3831681278020551,2.0,-1.0,2.0,-1.0,0.7902316673178691,0.0,8.975306421294224,35.25,608.3749999999327,4.0,4.662849640001111,141.33762458471443,1.0930232558139537,23210.249999999724,4977.696428571562,11,3,0.08397932816537466,0.08333333333333333,0.08547008547008546,91.0,66.0,0.7252747252747253,1.1758241758241759,38.0,24.0,0.631578947368421,0.8947368421052632,129.0,0.6976744186046512,129.0,0.6976744186046512,,,39.0,0.0,90.0,1.0,,,129.0,0.6976744186046512,,,,,,,,,,
M5@H1,wick_touch,any,any,any,both,limit,structure,zone,2.0,1.5,none,20,same,any,until_broken,999,0,any,any,any,any,any,any,any,any,own,any,none,20,24,close,156071,20369,263,263,148,115,0.5627376425855514,50,213,99817.57520312784,379.53450647577125,243.01785714283142,2013.2979972442126,1411.6510872798233,-948.7546583850956,11709.092857142878,-6107.3571428571995,331.8652174115879,1.2618449331239083,1.0,7.172350469877316,3.0193595771053237,-1.0,104.7702359343481,-1.0,0.175931856428858,0.0,2.8531352512649364,41.483152176448485,20168.017857142884,8.0,1.9148612943700545,379.5345064757714,1.2618449331239083,208924.36091741384,109106.78571428599,13,8,4.60234474017744,3.75,5.69927536231884,164.0,94.0,0.573170731707317,1.497102209782207,99.0,54.0,0.5454545454545454,0.8721258081546057,263.0,0.5627376425855514,263.0,0.5627376425855514,,,213.0,0.460093896713615,50.0,1.0,,,263.0,0.5627376425855514,,,,,,,,,,
M5@H1,wick_touch,with_daily,any,any,both,limit,structure,zone,2.0,1.5,none,20,same,any,until_broken,999,0,any,any,any,any,any,any,any,any,own,any,none,20,24,close,156071,7588,99,99,51,48,0.5151515151515151,25,74,45583.17414408943,460.4361024655498,165.94642857144208,2082.1730384600605,1692.39697201296,-848.5223214285734,11017.935714285704,-3298.607142857145,78.9548354168646,0.7975235900693397,1.0,2.225960671703717,2.489310498369895,-1.0,8.859709316179014,-1.0,0.358282875437744,0.0,3.5648695999099127,13.1591392361441,10301.142857142895,6.0,2.119180294204124,460.4361024655499,0.7975235900693398,86312.24557266096,40729.07142857152,9,6,6.082491582491582,8.444444444444445,3.5729166666666665,70.0,36.0,0.5142857142857142,0.6482545442749189,29.0,15.0,0.5172413793103449,1.1578281833662172,99.0,0.5151515151515151,99.0,0.5151515151515151,,,74.0,0.35135135135135137,25.0,1.0,,,99.0,0.5151515151515151,,,,,,,,,,
M5@H1,wick_touch,any,push,any,both,limit,structure,fixed_rr,2.0,1.5,none,20,same,any,until_broken,999,0,any,any,any,any,any,any,any,any,own,any,none,20,24,close,156071,580,21,21,8,13,0.38095238095238093,3,18,-14648.504879369602,-697.5478513985524,-591.9642857142662,1999.0872532392302,1079.1377829359533,-1790.8928571428637,2069.7857142857174,-5604.749999999967,-2.0,-0.09523809523809523,-1.0,1.2208506012105618,1.375,-1.0,2.0,-1.0,-0.0780096230805471,0.0,-0.35748500270158123,-0.2222222222222222,21060.46428571435,9.0,0.37081212695130683,-697.5478513985526,-0.09523809523809534,8633.102263487626,23281.60714285723,3,7,0.9126984126984128,0.14583333333333334,1.3846153846153846,21.0,8.0,0.38095238095238093,-0.09523809523809523,0.0,0.0,0.0,0.0,21.0,0.38095238095238093,21.0,0.38095238095238093,,,18.0,0.2777777777777778,3.0,1.0,,,21.0,0.38095238095238093,,,,,,,,,,
M5@H1,wick_touch,any,push,any,both,limit,zone,fixed_rr,2.0,1.5,none,20,same,any,until_broken,999,0,any,any,any,any,any,any,any,any,own,any,none,20,24,close,156071,580,27,27,14,13,0.5185185185185185,14,13,2943.1785714287344,109.00661375661979,90.21428571422803,483.7419176738292,405.295918367353,-210.07417582416986,1868.25000000008,-813.732142857134,15.0,0.5555555555555556,2.0,1.5275252316519465,2.0,-1.0,2.0,-1.0,0.36369648372665403,0.0,1.8898223650461365,5.0,813.732142857134,3.0,2.0777067231617155,109.00661375661976,0.5555555555555555,5674.142857142942,2730.964285714208,4,3,0.08333333333333333,0.08333333333333333,0.08333333333333333,27.0,14.0,0.5185185185185185,0.5555555555555556,0.0,0.0,0.0,0.0,27.0,0.5185185185185185,27.0,0.5185185185185185,,,13.0,0.0,14.0,1.0,,,27.0,0.5185185185185185,,,,,,,,,,
M5@H1,wick_touch,any,push,any,both,limit,structure,zone,2.0,1.5,none,20,same,any,until_broken,999,0,any,any,any,any,any,any,any,any,own,any,none,20,24,close,156071,580,20,20,6,14,0.3,2,18,-16667.629879369633,-833.3814939684817,-707.0892857143008,2069.1433344312704,1274.8116867717424,-1736.8928571428635,3290.0214285714355,-5604.749999999967,-1.3556616990615176,-0.0677830849530759,-1.0,1.7092741293039588,2.1073897168230804,-1.0,4.668825705742212,-1.0,-0.03965606440242453,0.0,-0.17734731144786164,-0.12324197264195615,22687.32142857148,11.0,0.31455473117555677,-833.3814939684817,-0.06778308495307583,7648.870120630454,24316.500000000087,3,9,2.2875,0.4444444444444444,3.0773809523809526,20.0,6.0,0.3,-0.06778308495307588,0.0,0.0,0.0,0.0,20.0,0.3,20.0,0.3,,,18.0,0.2222222222222222,2.0,1.0,,,20.0,0.3,,,,,,,,,,
H1@H4,wick_touch,any,any,any,both,market,structure,zone,2.0,1.5,none,20,same,any,until_broken,999,0,any,any,any,any,any,any,near,any,own,any,none,20,24,close,102673,14222,2465,2465,885,1580,0.359026369168357,777,1688,-114797.87326951319,-46.5711453426017,-372.85714285712857,2156.650841860851,1631.3458189057824,-986.417039874133,19758.000000000036,-16826.571428571424,-123.2345262604238,-0.04999372262086158,-1.0,1.6129777266970233,1.6460626821916113,-1.0,13.224305009047114,-1.0,-0.030994676363719092,0.0,-1.5388474448521556,-0.5735732366023397,218185.56329288866,214.85403850156058,0.92634263310636,-46.57114534260154,-0.04999372262086155,1443741.0497316173,1558538.92300113,12,23,58.57444219066937,78.55819209039548,47.381012658227846,1290.0,501.0,0.3883720930232558,0.029118490778706214,1175.0,384.0,0.32680851063829786,-0.13684883350208912,2465.0,0.359026369168357,2465.0,0.359026369168357,2465.0,0.359026369168357,1688.0,0.06398104265402843,777.0,1.0,,,,,,,,,,,,,,
H1@H4,wick_touch,with_daily,any,any,both,market,structure,zone,2.0,1.5,none,20,same,any,until_broken,999,0,any,any,any,any,any,any,near,any,own,any,none,20,24,close,102673,3319,1185,1185,466,719,0.39324894514767933,417,768,4399.725023042811,3.7128481207112327,-341.1428571428587,1863.5645115705095,1383.1140904980737,-890.3079849082885,18100.0,-11213.035714285706,-8.689294151698636,-0.007332737680758324,-1.0,1.498481228208608,1.52427190096202,-1.0,12.760558804418494,-1.0,-0.004893446472815949,0.0,-0.16845116438613034,-0.1485668323603257,85012.22356007357,58.48744308301673,1.0068731587611839,3.712848120711328,-0.007332737680758372,644531.1661721023,640131.4411490595,9,16,46.98143459915612,64.73605150214593,35.474269819193324,632.0,262.0,0.41455696202531644,0.08816077697568356,553.0,204.0,0.3688969258589512,-0.11646818300240624,1185.0,0.39324894514767933,1185.0,0.39324894514767933,1185.0,0.39324894514767933,768.0,0.06380208333333333,417.0,1.0,,,,,,,,,,,,,,
H1@D1,wick_touch,any,any,any,both,market,structure,zone,2.0,1.5,none,20,same,any,until_broken,999,0,any,any,any,any,any,any,near,any,own,any,none,20,24,close,69416,2885,774,774,212,562,0.2739018087855297,151,623,64212.01462249441,82.96125920218917,-439.1660714285649,2600.5308719625154,2556.450544402972,-850.0987558557576,24138.999999999985,-10138.607142857109,53.29367082343635,0.06885487186490481,-1.0,2.4906282073334802,2.902328635959605,-1.0,19.516229956980645,-1.0,0.027645584219341317,0.0,0.7691238034058034,0.6924733563493238,64265.75893762427,76.96133047543843,1.1344035066392533,82.96125920218901,0.0688548718649048,541967.51541343,477755.50079093577,7,19,71.66666666666667,117.0,54.56583629893238,407.0,118.0,0.28992628992628994,0.1779784284541827,367.0,94.0,0.2561307901907357,-0.05216226037443061,774.0,0.2739018087855297,774.0,0.2739018087855297,,,623.0,0.09791332263242375,151.0,1.0,,,,,,,774.0,0.2739018087855297,,,,,,
H1@D1,wick_touch,with_daily,any,any,both,market,structure,zone,2.0,1.5,none,20,same,any,until_broken,999,0,any,any,any,any,any,any,near,any,own,any,none,20,24,close,69416,840,409,409,103,306,0.25183374083129584,86,323,-44541.4538674315,-108.90331018931906,-489.6428571428487,1761.982523377336,1977.5902285554605,-811.219762773346,11950.0,-8042.357142857145,-43.65742909982773,-0.10674188043967663,-1.0,1.9896177359088927,2.5470152514579825,-1.0,18.212292986551383,-1.0,-0.05364944155512116,0.0,-1.0849928086780722,-0.5515105929344307,73902.01204748996,79.15972904081315,0.8205661234648922,-108.90331018931892,-0.1067418804396768,203691.79354121242,248233.2474086439,6,22,51.0880195599022,63.76699029126213,46.8202614379085,199.0,49.0,0.24623115577889448,0.029002173703393554,210.0,54.0,0.2571428571428571,-0.2353755317466812,409.0,0.25183374083129584,409.0,0.25183374083129584,,,323.0,0.05263157894736842,86.0,1.0,,,,,,,409.0,0.25183374083129584,,,,,,
M15@H4,wick_touch,any,any,any,both,market,structure,zone,2.0,1.5,none,20,same,any,until_broken,999,0,any,any,any,any,any,any,near,any,own,any,none,20,24,close,118270,5687,1683,1683,453,1230,0.26916221033868093,361,1322,-47532.8956017584,-28.242956388448246,-297.3214285714221,1578.7957694320983,1497.5556322052175,-590.1834121875787,18660.999999999967,-7057.285714285717,6.089529539468024,0.0036182587875627065,-1.0,2.36854757441698,2.728674458144521,-1.0,30.945270337384088,-1.0,0.0015276276595176028,0.0,0.06266998217556308,0.0852980545645707,93101.93469321226,71.3911890552937,0.9345209814906612,-28.242956388448135,0.0036182587875626115,678392.7013889635,725925.5969907218,5,15,11.051396316102199,13.964128035320089,9.978658536585366,875.0,246.0,0.28114285714285714,0.029500136523887055,808.0,207.0,0.2561881188118812,-0.024409764751154892,1683.0,0.26916221033868093,1683.0,0.26916221033868093,1683.0,0.26916221033868093,1322.0,0.06959152798789713,361.0,1.0,,,,,,,,,,,,,,
M15@H4,wick_touch,with_daily,any,any,both,market,structure,zone,2.0,1.5,none,20,same,any,until_broken,999,0,any,any,any,any,any,any,near,any,own,any,none,20,24,close,118270,1585,720,720,196,524,0.2722222222222222,163,557,-32838.94779790894,-45.60964971931798,-301.87499999999545,1451.8660015868918,1474.1453547169851,-614.0676284779352,15723.999999999978,-7057.285714285717,4.715002388366994,0.006548614428287489,-1.0,2.069763507278533,2.697525522389627,-1.0,17.888232133263102,-1.0,0.003163943322634989,0.0,0.08489750815642061,0.13327979046533764,49251.74499618684,35.376724197306075,0.8979432479427876,-45.60964971931804,0.006548614428287136,288932.4895245291,321771.437322438,7,16,9.671527777777778,14.17219387755102,7.988072519083969,375.0,99.0,0.264,0.019263135068977675,345.0,97.0,0.2811594202898551,-0.007271516702897468,720.0,0.2722222222222222,720.0,0.2722222222222222,720.0,0.2722222222222222,557.0,0.059245960502693,163.0,1.0,,,,,,,,,,,,,,
M5@H1,wick_touch,any,any,any,both,market,structure,zone,2.0,1.5,none,20,same,any,until_broken,999,0,any,any,any,any,any,any,near,any,own,any,none,20,24,close,156071,9423,2142,2142,645,1497,0.3011204481792717,493,1648,10251.347813508848,4.78587666363625,-259.66071428572377,1604.4983398232637,1311.3404200142363,-558.1584656617727,31472.000000000025,-6526.821428571384,153.40888817428979,0.07161946226624175,-1.0,2.336688574042884,2.558773470037658,-1.0,23.909668313337885,-1.0,0.030649981799811443,0.0,1.4185346683222906,1.7888963951645749,62803.90048442664,85.75616150211789,1.0122687877232421,4.785876663636202,0.07161946226624161,845814.5709091824,835563.2230956736,8,22,4.001595082477436,4.213695090439277,3.9102093075038966,1087.0,365.0,0.3357865685372585,0.17966304051680482,1055.0,280.0,0.26540284360189575,-0.039701267172964044,2142.0,0.3011204481792717,2142.0,0.3011204481792717,,,1648.0,0.09162621359223301,493.0,1.0,1.0,1.0,2142.0,0.3011204481792717,,,,,,,,,,
M5@H1,wick_touch,with_daily,any,any,both,market,structure,zone,2.0,1.5,none,20,same,any,until_broken,999,0,any,any,any,any,any,any,near,any,own,any,none,20,24,close,156071,3481,1182,1182,354,828,0.29949238578680204,279,902,-50623.40378395356,-42.82859880199117,-266.1428571428587,1356.303602751465,1206.826415803783,-577.1013949015612,17178.999999999996,-5428.71428571425,48.92230582932743,0.04138942963564082,-1.0,2.1576837168562277,2.4771816548851056,-1.0,19.767732451300052,-1.0,0.019182343228666406,0.0,0.6594933122022346,0.6923672919192746,88129.9045663974,70.65946990897346,0.8940578257290518,-42.82859880199112,0.04138942963564074,427216.5511945392,477839.9549784927,6,15,4.086505922165821,5.017655367231638,3.6884057971014492,754.0,251.0,0.3328912466843501,0.1483943855369794,428.0,103.0,0.24065420560747663,-0.14711930108774524,1182.0,0.29949238578680204,1182.0,0.29949238578680204,,,902.0,0.082039911308204,279.0,1.0,1.0,1.0,1182.0,0.29949238578680204,,,,,,,,,,
H1@H4,wick_touch,any,any,any,both,market,structure,zone,2.0,1.5,none,20,same,any,until_broken,999,0,any,any,any,any,any,any,any,aligned,own,any,none,20,24,close,102673,14577,2305,2305,815,1490,0.35357917570498915,687,1618,-31838.006732288566,-13.812584265634953,-389.78571428572195,2452.245656847812,1774.158907792704,-991.7969909955319,53167.999999999935,-21169.92857142859,21.87785724095475,0.009491478195641948,-1.0,1.713679831909356,1.8550648555103737,-1.0,13.224305009047114,-1.0,0.0055386531479842925,0.0,0.26591303914799647,0.19409467482310122,162947.37953071098,112.71745224795235,0.9784554803581672,-13.81258426563511,0.009491478195641778,1445939.5098510538,1477777.5165833426,13,16,63.85986984815618,88.00490797546013,50.653020134228186,1129.0,423.0,0.3746678476527901,0.0938853425015405,1176.0,392.0,0.3333333333333333,-0.07152950207762292,2305.0,0.35357917570498915,2305.0,0.35357917570498915,2305.0,0.35357917570498915,1618.0,0.07911001236093942,687.0,1.0,,,,,,,,,,,,,,
H1@H4,wick_touch,with_daily,any,any,both,market,structure,zone,2.0,1.5,none,20,same,any,until_broken,999,0,any,any,any,any,any,any,any,aligned,own,any,none,20,24,close,102673,3421,1048,1048,387,661,0.36927480916030536,318,730,22014.75321586529,21.006443908268405,-364.8214285714289,2068.155176224085,1641.2946835860369,-927.6343257669151,18946.000000000004,-10772.46428571425,14.337448061770278,0.013680771051307517,-1.0,1.5889960044635385,1.7450580053275717,-1.0,12.760558804418494,-1.0,0.008609695060829486,0.0,0.27872017830507767,0.3294828535808115,59135.1857142855,43.515005123790964,1.0359033978202736,21.006443908268466,0.013680771051307494,635181.0425477963,613166.2893319309,10,14,51.33110687022901,74.35658914728683,37.850226928895616,568.0,220.0,0.3873239436619718,0.11956480864725329,480.0,167.0,0.34791666666666665,-0.11161534010389501,1048.0,0.36927480916030536,1048.0,0.36927480916030536,1048.0,0.36927480916030536,730.0,0.09452054794520548,318.0,1.0,,,,,,,,,,,,,,
H1@D1,wick_touch,any,any,any,both,market,structure,zone,2.0,1.5,none,20,same,any,until_broken,999,0,any,any,any,any,any,any,any,aligned,own,any,none,20,24,close,69416,5159,790,790,227,563,0.2873417721518987,81,708,141907.44206769232,179.629673503408,-385.6607142857115,3141.8994463982413,2764.8752320148524,-862.7339886317568,42027.99999999997,-18945.642857142866,109.60235601580158,0.13873715951367294,-1.0,2.6667586260812497,2.9630059736378924,-1.0,19.615488295360016,-1.0,0.052024640759311805,0.0,1.4622533858558864,1.6602947897840625,86387.87142857119,66.01379266513052,1.2921594033485013,179.62967350340807,0.13873715951367283,627626.6776673715,485719.23559967906,7,29,85.06835443037974,126.32599118942731,68.43339253996447,403.0,133.0,0.33002481389578164,0.2948961911518394,387.0,94.0,0.24289405684754523,-0.023878059479043107,790.0,0.2873417721518987,790.0,0.2873417721518987,,,708.0,0.20480225988700565,81.0,1.0,1.0,1.0,,,,,790.0,0.2873417721518987,,,,,,
H1@D1,wick_touch,with_daily,any,any,both,market,structure,zone,2.0,1.5,none,20,same,any,until_broken,999,0,any,any,any,any,any,any,any,aligned,own,any,none,20,24,close,69416,1511,466,466,105,361,0.22532188841201717,47,418,-71319.77146545926,-153.0467198829598,-437.3571428571381,1935.6392887509248,2071.1207203996464,-799.9652274443828,11950.0,-10772.46428571425,-85.81277174874646,-0.18414757885997088,-1.0,1.9542049578355865,2.6208307452500343,-1.0,18.212292986551383,-1.0,-0.09423145618457887,0.0,-2.0341775679508545,-0.8394500840934669,90581.76290364802,102.22498439727573,0.7530371483254602,-153.0467198829599,-0.1841475788599708,217467.67564196285,288787.44710742217,4,24,59.396995708154506,57.904761904761905,59.83102493074792,241.0,61.0,0.25311203319502074,-0.07861712925600818,225.0,44.0,0.19555555555555557,-0.2971824159913265,466.0,0.22532188841201717,466.0,0.22532188841201717,,,418.0,0.13636363636363635,47.0,1.0,1.0,1.0,,,,,466.0,0.22532188841201717,,,,,,
M15@H4,wick_touch,any,any,any,both,market,structure,zone,2.0,1.5,none,20,same,any,until_broken,999,0,any,any,any,any,any,any,any,aligned,own,any,none,20,24,close,118270,9673,1668,1668,495,1173,0.29676258992805754,287,1381,11160.010360122644,6.690653693119091,-306.0000000000059,1707.8887394305045,1431.1709727077105,-594.4327545866958,20263.000000000055,-11244.214285714315,98.63380298848348,0.05913297541275986,-1.0,2.3580190407660946,2.568957177754512,-1.0,30.945270337384088,-1.0,0.025077395216260935,0.0,1.024189802911886,1.7837160927324205,114053.60823660954,55.29680613992183,1.016005301280778,6.690653693119032,0.05913297541275975,708429.6314903167,697269.621130194,14,20,13.17371103117506,15.881818181818181,12.030903665814153,782.0,231.0,0.29539641943734013,0.13104064694364043,886.0,264.0,0.2979683972911964,-0.004334066502757697,1668.0,0.29676258992805754,1668.0,0.29676258992805754,1668.0,0.29676258992805754,1381.0,0.15061549601737872,287.0,1.0,,,,,,,,,,,,,,
M15@H4,wick_touch,with_daily,any,any,both,market,structure,zone,2.0,1.5,none,20,same,any,until_broken,999,0,any,any,any,any,any,any,any,aligned,own,any,none,20,24,close,118270,2852,754,754,226,528,0.29973474801061006,136,618,-22373.402009177225,-29.67294696177351,-307.50000000000455,1569.4166459010921,1396.01256385574,-639.9095481829062,18418.99999999996,-6658.714285714268,60.18140136257408,0.07981618217848024,-1.0,2.2387453645088544,2.6025725724007702,-1.0,17.068941548183105,-1.0,0.035652193163107075,0.0,0.9789757267235906,1.6023371052382411,64043.739391979034,37.558514476032244,0.9337814733942494,-29.67294696177356,0.07981618217848019,315498.8394313972,337872.24144057446,15,19,11.920755968169761,16.879424778761063,9.798295454545455,410.0,124.0,0.3024390243902439,0.25042897141215753,344.0,102.0,0.29651162790697677,-0.12353045615235601,754.0,0.29973474801061006,754.0,0.29973474801061006,754.0,0.29973474801061006,618.0,0.14563106796116504,136.0,1.0,,,,,,,,,,,,,,
M5@H1,wick_touch,any,any,any,both,market,structure,zone,2.0,1.5,none,20,same,any,until_broken,999,0,any,any,any,any,any,any,any,aligned,own,any,none,20,24,close,156071,13769,2152,2152,659,1493,0.3062267657992565,457,1694,81929.09025235364,38.07113859310113,-256.44642857143936,2070.5155776521483,1457.5568072922892,-588.4801378119658,49593.00000000003,-6604.39285714283,220.5290322566901,0.1024763161044099,-1.0,2.429839522506782,2.600195800086025,-1.0,30.113560454239476,-1.0,0.042174108682983553,0.0,1.956442310362164,2.7436083693455613,91230.21785714287,80.37919504863348,1.0932495007811107,38.07113859310118,0.1024763161044101,960529.9360056187,878600.8457532651,10,22,4.330932465923172,5.353313100657562,3.879660638535387,916.0,323.0,0.35262008733624456,0.2603606673941257,1236.0,336.0,0.27184466019417475,-0.014531827731657777,2152.0,0.3062267657992565,2152.0,0.3062267657992565,,,1694.0,0.11865407319952774,457.0,1.0,1.0,1.0,2152.0,0.3062267657992565,,,,,,,,,,
M5@H1,wick_touch,with_daily,any,any,both,market,structure,zone,2.0,1.5,none,20,same,any,until_broken,999,0,any,any,any,any,any,any,any,aligned,own,any,none,20,24,close,156071,4769,998,998,308,690,0.30861723446893785,227,770,-13179.28903128528,-13.205700432149579,-271.01785714287416,1504.2951953332124,1339.3178659872115,-616.9408576164442,17178.999999999996,-5410.178571428514,112.32933506187176,0.11255444394977132,-1.0,2.344419257694858,2.6049653735775053,-1.0,30.113560454239476,-1.0,0.04800952030245651,0.0,1.5166753810860911,1.8157431165029825,87373.9821428567,61.864111746275896,0.969040113569856,-13.205700432149683,0.1125544439497711,412509.90272406116,425689.1917553465,10,17,4.8000167000668,6.1875,4.1806763285024156,627.0,217.0,0.34609250398724084,0.22883469829856623,371.0,91.0,0.24528301886792453,-0.08396232013835363,998.0,0.30861723446893785,998.0,0.30861723446893785,,,770.0,0.1038961038961039,227.0,1.0,1.0,1.0,998.0,0.30861723446893785,,,,,,,,,,
H1@H4,wick_touch,any,any,any,both,market,structure,zone,2.0,1.5,none,20,same,any,until_broken,999,0,any,any,any,any,any,any,near,aligned,own,any,none,20,24,close,102673,9851,2004,2004,724,1280,0.36127744510978044,615,1389,-55874.15957832653,-27.88131715485356,-377.8928571428537,2271.6073852746026,1767.534001134472,-1043.4131065622532,19758.000000000036,-16826.571428571424,-25.174410982326837,-0.012562081328506417,-1.0,1.645130981291514,1.7331845152177805,-1.0,13.224305009047114,-1.0,-0.0076359156026862525,0.0,-0.3418298451145834,-0.19362221895116966,151894.7212124144,130.0181927399338,0.9581645209399494,-27.88131715485349,-0.012562081328506447,1279694.6168213577,1335568.7763996841,12,13,67.05489021956087,90.38121546961327,53.8609375,992.0,379.0,0.38205645161290325,0.06844774898386197,1012.0,345.0,0.3409090909090909,-0.09197092685209274,2004.0,0.36127744510978044,2004.0,0.36127744510978044,2004.0,0.36127744510978044,1389.0,0.07847372210223182,615.0,1.0,,,,,,,,,,,,,,
H1@H4,wick_touch,with_daily,any,any,both,market,structure,zone,2.0,1.5,none,20,same,any,until_broken,999,0,any,any,any,any,any,any,near,aligned,own,any,none,20,24,close,102673,2128,786,786,298,488,0.3791348600508906,260,526,15456.783541593584,19.665119009661048,-361.4285714285643,2100.970271242399,1668.3893445995075,-987.1377892398764,18100.0,-8136.321428571409,17.000903434520556,0.02162964813552236,-1.0,1.581025277916471,1.6946339041426863,-1.0,12.760558804418494,-1.0,0.013680773127186584,0.0,0.383549935391775,0.3987426803219898,63329.96785714289,42.636277161983536,1.0320864393105142,19.66511900966111,0.02162964813552226,497180.0246906532,481723.2411490597,9,16,60.68447837150127,87.74496644295301,44.15983606557377,432.0,168.0,0.3888888888888889,0.1128006811090167,354.0,130.0,0.3672316384180791,-0.08962991752704702,786.0,0.3791348600508906,786.0,0.3791348600508906,786.0,0.3791348600508906,526.0,0.07224334600760456,260.0,1.0,,,,,,,,,,,,,,
H1@D1,wick_touch,any,any,any,both,market,structure,zone,2.0,1.5,none,20,same,any,until_broken,999,0,any,any,any,any,any,any,near,aligned,own,any,none,20,24,close,69416,1804,566,566,142,424,0.2508833922261484,69,497,99114.38646747221,175.11375700966823,-440.03571428571604,2780.2847394601376,3136.6519473523476,-816.722146359814,24138.999999999985,-6796.392857142837,48.19383890656815,0.08514812527662219,-1.0,2.677787580859395,3.3253087246941417,-1.0,19.516229956980645,-1.0,0.03179793867342352,0.0,0.7564969527998131,0.5954870917078561,55344.69731180322,80.9317944547686,1.286217713679049,175.11375700966835,0.08514812527662219,445404.5765240334,346290.19005656114,10,19,88.40459363957598,155.80985915492957,65.83018867924528,308.0,88.0,0.2857142857142857,0.24084990519911328,258.0,54.0,0.20930232558139536,-0.10072841819673926,566.0,0.2508833922261484,566.0,0.2508833922261484,,,497.0,0.14688128772635814,69.0,1.0,,,,,,,566.0,0.2508833922261484,,,,,,
H1@D1,wick_touch,with_daily,any,any,both,market,structure,zone,2.0,1.5,none,20,same,any,until_broken,999,0,any,any,any,any,any,any,near,aligned,own,any,none,20,24,close,69416,470,239,239,41,198,0.17154811715481172,24,215,-61458.523656968915,-257.1486345479871,-510.21428571427805,1788.2248312150462,2394.1930480435076,-806.1638314482462,11950.0,-6796.392857142837,-80.98205261233632,-0.3388370402189804,-1.0,1.9340036272191976,2.854096277747895,-1.0,18.212292986551383,-1.0,-0.17519979562095053,0.0,-2.708523111247873,-0.7221517122380122,84387.510408456,112.1399440587986,0.6149708384107375,-257.1486345479872,-0.33883704021898037,98161.91496978381,159620.43862675276,3,18,64.77405857740585,98.8780487804878,57.71212121212121,117.0,21.0,0.1794871794871795,-0.1945642230926662,122.0,20.0,0.16393442622950818,-0.47719703697126525,239.0,0.17154811715481172,239.0,0.17154811715481172,,,215.0,0.07906976744186046,24.0,1.0,,,,,,,239.0,0.17154811715481172,,,,,,
M15@H4,wick_touch,any,any,any,both,market,structure,zone,2.0,1.5,none,20,same,any,until_broken,999,0,any,any,any,any,any,any,near,aligned,own,any,none,20,24,close,118270,3767,1291,1291,349,942,0.2703330751355538,242,1049,-35236.60156214921,-27.294036841323944,-308.2714285714246,1497.1624854447098,1510.371078101342,-596.9810061778319,13357.999999999993,-7057.285714285717,11.203542883763689,0.008678189685332027,-1.0,2.413595813806046,2.7312422432199535,-1.0,30.945270337384088,-1.0,0.003595543891687159,0.0,0.12918964825894547,0.16219709853707892,75066.64961421574,69.07363315874922,0.9373411241165748,-27.294036841324044,0.008678189685332072,527119.5062573684,562356.1078195176,8,19,11.8073199070488,15.224928366762178,10.541135881104035,645.0,179.0,0.2775193798449612,0.04217495272727646,646.0,170.0,0.2631578947368421,-0.02476672078224406,1291.0,0.2703330751355538,1291.0,0.2703330751355538,1291.0,0.2703330751355538,1049.0,0.10200190657769304,242.0,1.0,,,,,,,,,,,,,,
M15@H4,wick_touch,with_daily,any,any,both,market,structure,zone,2.0,1.5,none,20,same,any,until_broken,999,0,any,any,any,any,any,any,near,aligned,own,any,none,20,24,close,118270,1036,473,473,121,352,0.2558139534883721,92,381,-32156.925500025434,-67.98504334043432,-339.5357142857165,1457.6509956986358,1637.005521454197,-654.0755499885887,9521.000000000004,-7057.285714285717,1.8092813679672624,0.003825119171178167,-1.0,2.2060347930554576,2.9240436476691505,-1.0,17.888232133263102,-1.0,0.0017339341986896792,0.0,0.03771057745444106,0.03257544015685697,50403.790555446314,55.54127156088227,0.8603297402107413,-67.98504334043417,0.003825119171178115,198077.66809595784,230234.59359598323,8,15,11.548097251585624,18.053719008264462,9.311789772727273,254.0,64.0,0.25196850393700787,0.027342306726042903,219.0,57.0,0.2602739726027397,-0.023450523015742592,473.0,0.2558139534883721,473.0,0.2558139534883721,473.0,0.2558139534883721,381.0,0.07611548556430446,92.0,1.0,,,,,,,,,,,,,,
M5@H1,wick_touch,any,any,any,both,market,structure,zone,2.0,1.5,none,20,same,any,until_broken,999,0,any,any,any,any,any,any,near,aligned,own,any,none,20,24,close,156071,6432,1799,1799,540,1259,0.30016675931072817,409,1389,40310.519995828676,22.40718176533,-256.96071428574214,1672.97614646169,1358.8531632894362,-550.8103162672492,31472.000000000025,-6526.821428571384,176.00777068028694,0.09783644840482879,-1.0,2.399813512064742,2.6574217975560868,-1.0,23.909668313337885,-1.0,0.04076835467129804,0.0,1.7291742763371025,3.046733203209171,63756.37531870739,57.769341435901,1.0581286992330499,22.407181765330108,0.09783644840482875,733780.7081762955,693470.1881804666,8,20,4.137854363535298,4.731944444444444,3.8830420969023036,804.0,283.0,0.35199004975124376,0.23782295004068227,995.0,257.0,0.25829145728643216,-0.01527827251499656,1799.0,0.30016675931072817,1799.0,0.30016675931072817,,,1389.0,0.09359251259899208,409.0,1.0,1.0,1.0,1799.0,0.30016675931072817,,,,,,,,,,
M5@H1,wick_touch,with_daily,any,any,both,market,structure,zone,2.0,1.5,none,20,same,any,until_broken,999,0,any,any,any,any,any,any,near,aligned,own,any,none,20,24,close,156071,2210,772,772,241,531,0.3121761658031088,187,584,8018.343365542831,10.386455136713511,-268.07142857142026,1453.486735166553,1314.625592856738,-581.556355014936,17178.999999999996,-5428.71428571425,104.43578098327453,0.13527950904569236,-1.0,2.307743793579475,2.6366629916318445,-1.0,19.767732451300052,-1.0,0.0586198127461386,0.0,1.6287449304955324,2.1330753878356106,52878.650000000016,48.96019220832296,1.025965597633501,10.38645513671355,0.13527950904569241,316824.76787847385,308806.42451293103,5,16,4.987046632124352,6.32088520055325,4.3816698053986185,487.0,173.0,0.35523613963039014,0.27809749261477,285.0,68.0,0.23859649122807017,-0.10876385235129292,772.0,0.3121761658031088,772.0,0.3121761658031088,,,584.0,0.09075342465753425,187.0,1.0,1.0,1.0,772.0,0.3121761658031088,,,,,,,,,,
H1@H4,wick_touch,against_daily,any,any,both,limit,zone,fixed_rr,2.0,1.5,none,20,same,any,until_broken,999,0,any,any,any,any,any,any,any,any,own,any,none,20,24,close,102673,8428,399,399,261,138,0.6541353383458647,261,138,87747.33928571478,219.91814357322002,154.4642857143117,657.1854293771112,429.6683087027929,-176.78325569358088,7056.642857142833,-1872.375000000011,384.0,0.9624060150375939,2.0,1.4287395525810351,2.0,-1.0,2.0,-1.0,0.6736049361123908,0.0,13.45524806059094,42.666666666666664,3553.125,9.0,4.5967789041130365,219.91814357322002,0.962406015037594,112143.42857142894,24396.089285714163,21,9,6.511278195488722,7.057471264367816,5.478260869565218,232.0,160.0,0.6896551724137931,1.0689655172413792,167.0,101.0,0.6047904191616766,0.8143712574850299,399.0,0.6541353383458647,399.0,0.6541353383458647,399.0,0.6541353383458647,138.0,0.0,261.0,1.0,,,,,,,,,,,,,,
H1@H4,wick_touch,against_daily,any,any,both,limit,zone,fixed_rr,3.0,1.5,none,20,same,any,until_broken,999,0,any,any,any,any,any,any,any,any,own,any,none,20,24,close,102673,8428,390,390,239,151,0.6128205128205129,239,151,125591.39285714351,322.02921245421413,199.44642857141162,957.3197070391624,639.9351464435168,-181.14640491958278,10584.96428571425,-1872.375000000011,566.0,1.4512820512820512,3.0,1.9509238197778913,3.0,-1.0,3.0,-1.0,0.7438947828558866,0.0,14.690744865543087,62.888888888888886,3553.125,9.0,5.5914854280070525,322.0292124542142,1.4512820512820515,152944.50000000052,27353.107142857,12,9,7.102564102564102,7.2719665271966525,6.8344370860927155,226.0,148.0,0.6548672566371682,1.6194690265486726,164.0,91.0,0.5548780487804879,1.2195121951219512,390.0,0.6128205128205129,390.0,0.6128205128205129,390.0,0.6128205128205129,151.0,0.0,239.0,1.0,,,,,,,,,,,,,,
H1@D1,wick_touch,against_daily,any,any,both,limit,zone,fixed_rr,2.0,1.5,none,20,same,any,until_broken,999,0,any,any,any,any,any,any,any,any,own,any,none,20,24,close,69416,2898,47,47,35,12,0.7446808510638298,35,12,18140.410714285666,385.9661854103333,194.07142857144208,851.271763585826,660.0704081632648,-413.5044642857167,4000.892857142935,-1872.375000000011,58.0,1.2340425531914894,2.0,1.3222636380785202,2.0,-1.0,2.0,-1.0,0.9332802609506592,0.0,6.398247114449873,29.0,1872.375000000011,2.0,4.655827260458809,385.9661854103333,1.2340425531914891,23102.464285714268,4962.053571428601,7,2,8.48936170212766,9.028571428571428,6.916666666666667,33.0,26.0,0.7878787878787878,1.3636363636363635,14.0,9.0,0.6428571428571429,0.9285714285714286,47.0,0.7446808510638298,47.0,0.7446808510638298,,,12.0,0.0,35.0,1.0,,,,,,,47.0,0.7446808510638298,,,,,,
H1@D1,wick_touch,against_daily,any,any,both,limit,zone,fixed_rr,3.0,1.5,none,20,same,any,until_broken,999,0,any,any,any,any,any,any,any,any,own,any,none,20,24,close,69416,2898,46,46,34,12,0.7391304347826086,34,12,27169.125000000007,590.6331521739132,286.6607142857447,1173.2666506138255,945.0346638655474,-413.5044642857167,6001.339285714403,-1872.375000000011,90.0,1.9565217391304348,3.0,1.7758443592854065,3.0,-1.0,3.0,-1.0,1.1017416751081341,0.0,7.472375596744556,45.0,1872.375000000011,2.0,6.4753792172739235,590.6331521739132,1.9565217391304348,32131.17857142861,4962.053571428601,7,2,8.73913043478261,9.382352941176471,6.916666666666667,32.0,25.0,0.78125,2.125,14.0,9.0,0.6428571428571429,1.5714285714285714,46.0,0.7391304347826086,46.0,0.7391304347826086,,,12.0,0.0,34.0,1.0,,,,,,,46.0,0.7391304347826086,,,,,,
M15@H4,wick_touch,against_daily,any,any,both,limit,zone,fixed_rr,2.0,1.5,none,20,same,any,until_broken,999,0,any,any,any,any,any,any,any,any,own,any,none,20,24,close,118270,6099,91,91,66,25,0.7252747252747253,66,25,11967.85714285711,131.51491365777045,132.8214285714239,382.2852167175758,234.49296536796558,-140.34714285714472,3153.107142857152,-834.7142857142899,107.0,1.1758241758241759,2.0,1.3465462536381039,2.0,-1.0,2.0,-1.0,0.8732148432683464,0.0,8.329938702528297,53.5,1429.1250000000218,2.0,4.410930040817103,131.51491365777045,1.1758241758241756,15476.535714285728,3508.678571428618,9,2,0.25824175824175827,0.25757575757575757,0.26,59.0,43.0,0.7288135593220338,1.1864406779661016,32.0,23.0,0.71875,1.15625,91.0,0.7252747252747253,91.0,0.7252747252747253,91.0,0.7252747252747253,25.0,0.0,66.0,1.0,,,,,,,,,,,,,,
M15@H4,wick_touch,against_daily,any,any,both,limit,zone,fixed_rr,3.0,1.5,none,20,same,any,until_broken,999,0,any,any,any,any,any,any,any,any,own,any,none,20,24,close,118270,6099,91,91,63,28,0.6923076923076923,63,28,18966.62499999993,208.4244505494498,195.91071428567375,552.2892492965847,359.6853741496596,-131.91262755102247,4729.660714285728,-834.7142857142899,161.0,1.7692307692307692,3.0,1.8563819235690284,3.0,-1.0,3.0,-1.0,0.9530532196894566,0.0,9.09154827298409,53.666666666666664,1429.1250000000218,3.0,6.135061569626518,208.42445054944972,1.769230769230769,22660.178571428554,3693.553571428629,9,3,0.27472527472527475,0.26587301587301587,0.29464285714285715,59.0,41.0,0.6949152542372882,1.7796610169491525,32.0,22.0,0.6875,1.75,91.0,0.6923076923076923,91.0,0.6923076923076923,91.0,0.6923076923076923,28.0,0.0,63.0,1.0,,,,,,,,,,,,,,
M5@H1,wick_touch,against_daily,any,any,both,limit,zone,fixed_rr,2.0,1.5,none,20,same,any,until_broken,999,0,any,any,any,any,any,any,any,any,own,any,none,20,24,close,156071,7654,123,123,76,47,0.6178861788617886,76,47,12697.839285715054,103.23446573752076,93.5357142857356,331.1911404570256,266.4332706766991,-160.66147416412934,2193.9642857141735,-1017.8928571428514,105.0,0.8536585365853658,2.0,1.4636745071138222,2.0,-1.0,2.0,-1.0,0.5832297634729395,0.0,6.468330983421166,26.25,1919.24999999992,4.0,2.6815904044119994,103.23446573752076,0.853658536585366,20248.928571429133,7551.089285714079,10,4,0.08536585365853659,0.08442982456140351,0.08687943262411348,70.0,43.0,0.6142857142857143,0.8428571428571429,53.0,33.0,0.6226415094339622,0.8679245283018868,123.0,0.6178861788617886,123.0,0.6178861788617886,,,47.0,0.0,76.0,1.0,,,123.0,0.6178861788617886,,,,,,,,,,
M5@H1,wick_touch,against_daily,any,any,both,limit,zone,fixed_rr,3.0,1.5,none,20,same,any,until_broken,999,0,any,any,any,any,any,any,any,any,own,any,none,20,24,close,156071,7654,119,119,68,51,0.5714285714285714,68,51,17236.14285714434,144.8415366146583,115.01785714290236,442.7965708763807,375.43487394959675,-162.61624649859294,3290.94642857126,-1017.8928571428514,153.0,1.2857142857142858,3.0,1.9878565969100825,3.0,-1.0,3.0,-1.0,0.6467842236269938,0.0,7.055582895835042,30.6,1919.24999999992,5.0,3.078289179040466,144.8415366146583,1.2857142857142856,25529.57142857258,8293.42857142824,10,5,0.09313725490196077,0.0857843137254902,0.10294117647058823,68.0,39.0,0.5735294117647058,1.2941176470588236,51.0,29.0,0.5686274509803921,1.2745098039215685,119.0,0.5714285714285714,119.0,0.5714285714285714,,,51.0,0.0,68.0,1.0,,,119.0,0.5714285714285714,,,,,,,,,,
M5@M15,wick_touch,against_daily,any,any,both,limit,zone,fixed_rr,2.0,1.5,none,20,same,any,until_broken,999,0,any,any,any,any,any,any,any,any,own,any,none,20,24,close,222820,16631,855,855,536,319,0.6269005847953216,536,319,65361.37500000018,76.44605263157916,78.25000000002547,171.96350099852552,172.82742537313476,-85.49882445141081,1211.8214285714203,-711.7321428570904,753.0,0.8807017543859649,2.0,1.4517338333486585,2.0,-1.0,2.0,-1.0,0.6066551141502875,0.0,17.738827907548377,125.5,935.9107142858993,6.0,3.3964609313772693,76.44605263157916,0.8807017543859649,92635.50000000023,27274.125000000047,12,6,0.20906432748538012,0.18050373134328357,0.25705329153605017,360.0,225.0,0.625,0.875,495.0,311.0,0.6282828282828283,0.8848484848484849,855.0,0.6269005847953216,855.0,0.6269005847953216,,,319.0,0.0,536.0,1.0,,,,,855.0,0.6269005847953216,,,,,,,,
M5@M15,wick_touch,against_daily,any,any,both,limit,zone,fixed_rr,3.0,1.5,none,20,same,any,until_broken,999,0,any,any,any,any,any,any,any,any,own,any,none,20,24,close,222820,16631,828,828,494,334,0.5966183574879227,494,334,94870.14285714309,114.57746721877184,105.08035714278776,231.5472347485379,250.49425245806893,-86.44915526090708,1817.7321428571304,-711.7321428570904,1148.0,1.3864734299516908,3.0,1.9634903719263492,3.0,-1.0,3.0,-1.0,0.706126930783696,0.0,20.31879476467505,164.0,961.2142857144063,7.0,4.285657830043689,114.57746721877184,1.3864734299516908,123744.16071428604,28874.017857142964,12,7,0.22161835748792272,0.19517543859649122,0.26072854291417163,351.0,211.0,0.6011396011396012,1.4045584045584045,477.0,283.0,0.5932914046121593,1.3731656184486374,828.0,0.5966183574879227,828.0,0.5966183574879227,,,334.0,0.0,494.0,1.0,,,,,828.0,0.5966183574879227,,,,,,,,
M15@H1,wick_touch,against_daily,any,any,both,limit,zone,fixed_rr,2.0,1.5,none,20,same,any,until_broken,999,0,any,any,any,any,any,any,any,any,own,any,none,20,24,close,173461,13217,586,586,365,221,0.6228668941979523,365,221,44998.839285713824,76.78982813261744,83.696428571443,264.274030041829,194.55538160469598,-117.70984162896023,3244.999999999891,-1576.553571428576,509.0,0.8686006825938567,2.0,1.4552482400858755,2.0,-1.0,2.0,-1.0,0.5968745803414267,0.0,14.448803725203135,56.55555555555556,4544.910714285743,9.0,2.7298014727030653,76.78982813261746,0.8686006825938568,71012.71428571403,26013.87500000021,16,9,0.2606655290102389,0.2541095890410959,0.27149321266968324,346.0,225.0,0.6502890173410405,0.9508670520231214,240.0,140.0,0.5833333333333334,0.75,586.0,0.6228668941979523,586.0,0.6228668941979523,,,221.0,0.0,365.0,1.0,,,586.0,0.6228668941979523,,,,,,,,,,
M15@H1,wick_touch,against_daily,any,any,both,limit,zone,fixed_rr,3.0,1.5,none,20,same,any,until_broken,999,0,any,any,any,any,any,any,any,any,own,any,none,20,24,close,173461,13217,564,564,328,236,0.5815602836879432,328,236,67711.17857142813,120.05528115501441,113.27678571428805,358.8233594688116,290.0167682926821,-116.16237893462548,4867.499999999836,-1576.553571428576,748.0,1.326241134751773,3.0,1.974963916393926,3.0,-1.0,3.0,-1.0,0.6715267675236053,0.0,15.947877116356146,83.11111111111111,4544.910714285754,9.0,3.469919919333058,120.05528115501438,1.3262411347517729,95125.49999999974,27414.321428571613,16,9,0.2974290780141844,0.27972560975609756,0.3220338983050847,330.0,198.0,0.6,1.4,234.0,130.0,0.5555555555555556,1.2222222222222223,564.0,0.5815602836879432,564.0,0.5815602836879432,,,236.0,0.0,328.0,1.0,,,564.0,0.5815602836879432,,,,,,,,,,
H1@H4,wick_touch,any,reversal,any,both,limit,zone,fixed_rr,2.0,1.5,none,20,same,any,until_broken,999,0,any,any,any,any,any,any,any,any,own,any,none,20,24,close,102673,475,34,34,24,10,0.7058823529411765,24,10,9034.535714285892,265.7216386554674,266.6250000000048,368.1373027978863,456.4285714285773,-191.9749999999965,957.7142857142462,-465.39285714284233,38.0,1.1176470588235294,2.0,1.3874918701886407,2.0,-1.0,2.0,-1.0,0.8055161135261832,0.0,4.696925708493921,12.666666666666666,465.39285714284233,3.0,5.706100124644384,265.7216386554674,1.1176470588235294,10954.285714285856,1919.749999999965,9,3,18.08823529411765,16.5,21.9,1.0,1.0,1.0,2.0,33.0,23.0,0.696969696969697,1.0909090909090908,34.0,0.7058823529411765,34.0,0.7058823529411765,34.0,0.7058823529411765,10.0,0.0,24.0,1.0,,,,,,,,,,,,,,
H1@D1,wick_touch,any,reversal,any,both,limit,zone,fixed_rr,2.0,1.5,none,20,same,any,until_broken,999,0,any,any,any,any,any,any,any,any,own,any,none,20,24,close,69416,551,8,8,6,2,0.75,6,2,4128.999999999951,516.1249999999939,649.9285714285634,628.366137336353,814.720238095227,-379.6607142857056,1229.4642857142662,-462.35714285712675,10.0,1.25,2.0,1.3887301496588271,2.0,-1.0,2.0,-1.0,0.9001028747788695,0.0,2.545875386086578,10.0,462.35714285712675,1.0,6.43774987065525,516.1249999999939,1.25,4888.321428571362,759.3214285714112,2,1,60.125,60.166666666666664,60.0,7.0,5.0,0.7142857142857143,1.1428571428571428,1.0,1.0,1.0,2.0,8.0,0.75,8.0,0.75,,,2.0,0.0,6.0,1.0,,,,,,,8.0,0.75,,,,,,
M15@H4,wick_touch,any,reversal,any,both,limit,zone,fixed_rr,2.0,1.5,none,20,same,any,until_broken,999,0,any,any,any,any,any,any,any,any,own,any,none,20,24,close,118270,919,10,10,7,3,0.7,7,3,1376.6964285715176,137.66964285715176,151.73214285714494,217.75287451632053,253.92346938776558,-133.58928571428046,436.82142857142026,-197.83928571428078,11.0,1.1,2.0,1.4491376746189437,2.0,-1.0,2.0,-1.0,0.7590721152765898,0.0,2.4003967925959167,11.0,197.83928571428078,1.0,4.435146816379628,137.66964285715176,1.0999999999999999,1777.464285714359,400.7678571428414,3,1,0.25,0.25,0.25,0.0,0.0,0.0,0.0,10.0,7.0,0.7,1.1,10.0,0.7,10.0,0.7,10.0,0.7,3.0,0.0,7.0,1.0,,,,,,,,,,,,,,
M5@H1,wick_touch,any,reversal,any,both,limit,zone,fixed_rr,2.0,1.5,none,20,same,any,until_broken,999,0,any,any,any,any,any,any,any,any,own,any,none,20,24,close,156071,1096,21,21,11,10,0.5238095238095238,11,10,865.2321428573487,41.2015306122547,65.60714285715221,162.802369895496,166.2175324675528,-96.3160714285732,439.07142857151484,-270.05357142857065,12.0,0.5714285714285714,2.0,1.5352989471574767,2.0,-1.0,2.0,-1.0,0.37219368415938836,0.0,1.7056057308448835,4.0,479.14285714282414,3.0,1.8983258245733103,41.2015306122547,0.5714285714285715,1828.3928571430806,963.160714285732,4,3,0.08333333333333333,0.08333333333333333,0.08333333333333333,1.0,0.0,0.0,-1.0,20.0,11.0,0.55,0.65,21.0,0.5238095238095238,21.0,0.5238095238095238,,,10.0,0.0,11.0,1.0,,,21.0,0.5238095238095238,,,,,,,,,,
M5@M15,wick_touch,any,reversal,any,both,limit,zone,fixed_rr,2.0,1.5,none,20,same,any,until_broken,999,0,any,any,any,any,any,any,any,any,own,any,none,20,24,close,222820,1383,102,102,65,37,0.6372549019607843,65,37,7728.892857143501,75.77345938375981,81.94642857142753,155.54451667330713,162.82032967033678,-77.14671814671321,675.5714285714021,-299.2142857142426,93.0,0.9117647058823529,2.0,1.44949934119617,2.0,-1.0,2.0,-1.0,0.6290204348281645,0.0,6.352794987877709,23.25,412.85714285718313,4.0,3.7076848005609313,75.77345938375981,0.9117647058823528,10583.32142857189,2854.4285714283888,8,4,0.5702614379084968,0.8410256410256411,0.0945945945945946,1.0,0.0,0.0,-1.0,101.0,65.0,0.6435643564356436,0.9306930693069307,102.0,0.6372549019607843,102.0,0.6372549019607843,,,37.0,0.0,65.0,1.0,,,,,102.0,0.6372549019607843,,,,,,,,
M15@H1,wick_touch,any,reversal,any,both,limit,zone,fixed_rr,2.0,1.5,none,20,same,any,until_broken,999,0,any,any,any,any,any,any,any,any,own,any,none,20,24,close,173461,1045,50,50,29,21,0.58,29,21,3588.214285714139,71.76428571428278,67.01785714285506,201.76686323489398,204.06280788177293,-110.9336734693941,568.8571428572686,-302.46428571426804,37.0,0.74,2.0,1.4957081457098698,2.0,-1.0,2.0,-1.0,0.49474892686954824,0.0,3.4984032117422488,12.333333333333334,501.6964285715403,3.0,2.540265832681632,71.76428571428278,0.7399999999999999,5917.821428571415,2329.607142857276,4,3,0.255,0.25,0.2619047619047619,8.0,5.0,0.625,0.875,42.0,24.0,0.5714285714285714,0.7142857142857143,50.0,0.58,50.0,0.58,,,21.0,0.0,29.0,1.0,,,50.0,0.58,,,,,,,,,,
H1@H4,wick_touch,any,any,any,both,limit,zone,fixed_rr,2.0,1.5,none,20,same,any,until_broken,999,0,compression,any,any,any,any,any,any,any,own,any,none,20,24,close,102673,2368,128,128,86,42,0.671875,86,42,25092.696428571424,196.03669084821425,160.03571428570922,422.30759407436534,384.222591362126,-189.2963435374148,1923.5714285714494,-1872.375000000011,130.0,1.015625,2.0,1.4141265632919404,2.0,-1.0,2.0,-1.0,0.7181995065814548,0.0,8.125499861577268,32.5,2169.839285714308,4.0,4.156136784771746,196.03669084821422,1.015625,33043.14285714284,7950.446428571422,11,4,8.2421875,9.220930232558139,6.238095238095238,89.0,64.0,0.7191011235955056,1.1573033707865168,39.0,22.0,0.5641025641025641,0.6923076923076923,128.0,0.671875,128.0,0.671875,128.0,0.671875,42.0,0.0,86.0,1.0,,,,,,,,,,,,,,
H1@D1,wick_touch,any,any,any,both,limit,zone,fixed_rr,2.0,1.5,none,20,same,any,until_broken,999,0,compression,any,any,any,any,any,any,any,own,any,none,20,24,close,69416,483,12,12,7,5,0.5833333333333334,7,5,6126.624999999967,510.5520833333306,699.4107142857047,750.6857127170476,1064.1581632653015,-264.4964285714286,1568.5714285714312,-419.73214285712857,9.0,0.75,2.0,1.5447859516333116,2.0,-1.0,2.0,-1.0,0.4855041562276123,0.0,1.6818357317441643,3.0,642.8750000000036,3.0,5.632671248599064,510.5520833333307,0.7500000000000001,7449.10714285711,1322.4821428571431,3,3,32.166666666666664,30.857142857142858,34.0,6.0,4.0,0.6666666666666666,1.0,6.0,3.0,0.5,0.5,12.0,0.5833333333333334,12.0,0.5833333333333334,,,5.0,0.0,7.0,1.0,,,,,,,12.0,0.5833333333333334,,,,,,
M15@H4,wick_touch,any,any,any,both,limit,zone,fixed_rr,2.0,1.5,none,20,same,any,until_broken,999,0,compression,any,any,any,any,any,any,any,own,any,none,20,24,close,118270,1530,34,34,25,9,0.7352941176470589,25,9,3293.4464285714284,96.86607142857143,139.75000000000364,207.04553791521815,189.16428571428696,-159.51785714286063,290.6071428571522,-834.7142857142899,41.0,1.2058823529411764,2.0,1.3434332265596973,2.0,-1.0,2.0,-1.0,0.8976124224865533,0.0,5.233934855734648,20.5,834.7142857142899,2.0,3.294028384143637,96.86607142857144,1.2058823529411766,4729.107142857174,1435.6607142857456,7,2,0.2647058823529412,0.27,0.25,25.0,17.0,0.68,1.04,9.0,8.0,0.8888888888888888,1.6666666666666667,34.0,0.7352941176470589,34.0,0.7352941176470589,34.0,0.7352941176470589,9.0,0.0,25.0,1.0,,,,,,,,,,,,,,
M5@H1,wick_touch,any,any,any,both,limit,zone,fixed_rr,2.0,1.5,none,20,same,any,until_broken,999,0,compression,any,any,any,any,any,any,any,own,any,none,20,24,close,156071,1300,29,29,18,11,0.6206896551724138,18,11,2279.5714285717168,78.6059113300592,126.21428571428623,245.74470901007973,213.0674603174763,-141.4220779220779,583.6785714285725,-813.732142857134,25.0,0.8620689655172413,2.0,1.4814119213737202,2.0,-1.0,2.0,-1.0,0.5819238748381617,0.0,3.133755971209812,12.5,966.4642857142098,2.0,2.465356536112955,78.6059113300592,0.8620689655172414,3835.2142857145736,1555.6428571428569,7,2,0.08333333333333333,0.08333333333333333,0.08333333333333333,18.0,13.0,0.7222222222222222,1.1666666666666667,11.0,5.0,0.45454545454545453,0.36363636363636365,29.0,0.6206896551724138,29.0,0.6206896551724138,,,11.0,0.0,18.0,1.0,,,29.0,0.6206896551724138,,,,,,,,,,
M5@M15,wick_touch,any,any,any,both,limit,zone,fixed_rr,2.0,1.5,none,20,same,any,until_broken,999,0,compression,any,any,any,any,any,any,any,own,any,none,20,24,close,222820,3179,211,211,150,61,0.7109004739336493,150,61,22401.107142857516,106.16638456330577,109.85714285716313,225.54651284778367,195.2940476190494,-112.99999999999824,1650.6785714285797,-1087.8035714285943,239.0,1.132701421800948,2.0,1.36326701466869,2.0,-1.0,2.0,-1.0,0.8308727561168378,0.0,12.069123923337067,59.75,1087.8035714285943,4.0,4.24983420032756,106.16638456330577,1.132701421800948,29294.10714285741,6892.999999999893,16,4,0.10860979462875196,0.11444444444444443,0.0942622950819672,119.0,84.0,0.7058823529411765,1.1176470588235294,92.0,66.0,0.717391304347826,1.1521739130434783,211.0,0.7109004739336493,211.0,0.7109004739336493,,,61.0,0.0,150.0,1.0,,,,,211.0,0.7109004739336493,,,,,,,,
M15@H1,wick_touch,any,any,any,both,limit,zone,fixed_rr,2.0,1.5,none,20,same,any,until_broken,999,0,compression,any,any,any,any,any,any,any,own,any,none,20,24,close,173461,2607,136,136,87,49,0.6397058823529411,87,49,12738.714285714083,93.6670168067212,112.49999999997726,248.75771185804552,212.4774220032828,-117.28206997084745,1290.6785714285434,-1356.33928571433,125.0,0.9191176470588235,2.0,1.4455815031858084,2.0,-1.0,2.0,-1.0,0.6358117097052288,0.0,7.414774986941069,25.0,1575.982142857174,5.0,3.2166539267047516,93.66701680672114,0.9191176470588234,18485.535714285605,5746.821428571525,11,5,0.25183823529411764,0.25,0.25510204081632654,89.0,56.0,0.6292134831460674,0.8876404494382022,47.0,31.0,0.6595744680851063,0.9787234042553191,136.0,0.6397058823529411,136.0,0.6397058823529411,,,49.0,0.0,87.0,1.0,,,136.0,0.6397058823529411,,,,,,,,,,
H1@H4,wick_touch,any,any,any,both,limit,zone,fixed_rr,2.0,1.5,none,20,same,any,until_broken,999,0,any,4-10,any,any,any,any,any,any,own,any,none,20,24,close,102673,5587,448,448,307,141,0.6852678571428571,307,141,97357.03571428663,217.31481186224693,172.3035714285743,546.6878471847172,422.1057468590063,-228.57750759878235,5608.857142857232,-1872.375000000011,473.0,1.0558035714285714,2.0,1.3947848781027432,2.0,-1.0,2.0,-1.0,0.756965169327566,0.0,16.021932713429102,78.83333333333333,4088.4464285712893,6.0,4.020749669778339,217.31481186224687,1.0558035714285712,129586.46428571493,32229.42857142831,18,6,11.435267857142858,11.107491856677525,12.148936170212766,262.0,190.0,0.7251908396946565,1.1755725190839694,186.0,117.0,0.6290322580645161,0.8870967741935484,448.0,0.6852678571428571,448.0,0.6852678571428571,448.0,0.6852678571428571,141.0,0.0,307.0,1.0,,,,,,,,,,,,,,
H1@D1,wick_touch,any,any,any,both,limit,zone,fixed_rr,2.0,1.5,none,20,same,any,until_broken,999,0,any,4-10,any,any,any,any,any,any,own,any,none,20,24,close,69416,824,23,23,13,10,0.5652173913043478,13,10,10059.035714285643,437.3493788819845,819.0714285714421,740.1208017737939,1047.2362637362564,-355.5035714285691,1568.5714285714312,-462.35714285712675,16.0,0.6956521739130435,2.0,1.5206094056091055,2.0,-1.0,2.0,-1.0,0.45748248784137197,0.0,2.1940089365531796,4.0,1591.410714285712,4.0,3.8295174852573295,437.34937888198436,0.6956521739130433,13614.071428571333,3555.035714285691,4,4,39.69565217391305,35.07692307692308,45.7,10.0,8.0,0.8,1.4,13.0,5.0,0.38461538461538464,0.15384615384615385,23.0,0.5652173913043478,23.0,0.5652173913043478,,,10.0,0.0,13.0,1.0,,,,,,,23.0,0.5652173913043478,,,,,,
M15@H4,wick_touch,any,any,any,both,limit,zone,fixed_rr,2.0,1.5,none,20,same,any,until_broken,999,0,any,4-10,any,any,any,any,any,any,own,any,none,20,24,close,118270,2067,51,51,35,16,0.6862745098039216,35,16,6069.321428571129,119.00630252100254,141.28571428568648,215.41957306494515,219.80408163264525,-101.48883928571593,1126.0357142857174,-247.48214285714312,54.0,1.0588235294117647,2.0,1.4058700467096144,2.0,-1.0,2.0,-1.0,0.7531446678801509,0.0,5.378528742004773,27.0,478.30357142856883,2.0,4.737677876261659,119.00630252100254,1.0588235294117647,7693.142857142584,1623.8214285714548,10,2,0.2647058823529412,0.2571428571428571,0.28125,28.0,19.0,0.6785714285714286,1.0357142857142858,23.0,16.0,0.6956521739130435,1.0869565217391304,51.0,0.6862745098039216,51.0,0.6862745098039216,51.0,0.6862745098039216,16.0,0.0,35.0,1.0,,,,,,,,,,,,,,
M5@H1,wick_touch,any,any,any,both,limit,zone,fixed_rr,2.0,1.5,none,20,same,any,until_broken,999,0,any,4-10,any,any,any,any,any,any,own,any,none,20,24,close,156071,3208,84,84,55,29,0.6547619047619048,55,29,10254.17857142861,122.07355442176917,95.96428571426259,419.80252939130946,293.35389610390024,-202.76847290641038,2193.9642857141735,-1017.8928571428514,81.0,0.9642857142857143,2.0,1.4349042079729641,2.0,-1.0,2.0,-1.0,0.672020967621194,0.0,6.159173905443178,27.0,1831.6249999999854,3.0,2.743823186434041,122.07355442176919,0.9642857142857143,16134.464285714512,5880.285714285901,15,3,0.08630952380952381,0.08484848484848484,0.08908045977011493,60.0,40.0,0.6666666666666666,1.0,24.0,15.0,0.625,0.875,84.0,0.6547619047619048,84.0,0.6547619047619048,,,29.0,0.0,55.0,1.0,,,84.0,0.6547619047619048,,,,,,,,,,
M5@M15,wick_touch,any,any,any,both,limit,zone,fixed_rr,2.0,1.5,none,20,same,any,until_broken,999,0,any,4-10,any,any,any,any,any,any,own,any,none,20,24,close,222820,13112,1063,1063,709,354,0.6669802445907808,709,354,108369.3214285718,101.94668055368936,96.32142857144572,237.4193836603786,204.67605279065063,-103.80225988700425,1984.3928571428478,-1087.8035714285943,1064.0,1.0009407337723424,2.0,1.4145461228861866,2.0,-1.0,2.0,-1.0,0.7076055828636119,0.0,23.07054653744545,152.0,1405.500000000029,7.0,3.9491460683767827,101.94668055368936,1.0009407337723424,145115.3214285713,36745.999999999505,15,6,0.08740984634681717,0.08709449929478139,0.08804143126177023,648.0,445.0,0.6867283950617284,1.0601851851851851,415.0,264.0,0.636144578313253,0.908433734939759,1063.0,0.6669802445907808,1063.0,0.6669802445907808,,,354.0,0.0,709.0,1.0,,,,,1063.0,0.6669802445907808,,,,,,,,
M15@H1,wick_touch,any,any,any,both,limit,zone,fixed_rr,2.0,1.5,none,20,same,any,until_broken,999,0,any,4-10,any,any,any,any,any,any,own,any,none,20,24,close,173461,8380,589,589,386,203,0.6553480475382003,386,203,55985.50000000032,95.05178268251328,100.71428571427532,279.2796694820293,212.6238897113253,-128.50897255453816,3244.999999999891,-1576.553571428576,569.0000000000001,0.9660441426146013,2.0,1.4269758249006312,2.0000000000000004,-1.0,2.000000000000115,-1.0,0.6769870419366584,0.0,16.43001664532439,94.83333333333336,4403.410714285754,6.0,3.146080813750549,95.05178268251325,0.9660441426146011,82072.82142857157,26087.321428571246,17,6,0.25848896434634977,0.2551813471502591,0.2647783251231527,360.0,235.0,0.6527777777777778,0.9583333333333337,229.0,151.0,0.6593886462882096,0.9781659388646288,589.0,0.6553480475382003,589.0,0.6553480475382003,,,203.0,0.0,386.0,1.0,,,589.0,0.6553480475382003,,,,,,,,,,
M5@M15,body_close,any,any,any,both,limit,zone,fixed_rr,2.0,1.5,none,20,same,any,until_broken,999,0,any,any,any,any,any,any,any,any,own,any,none,20,24,close,222820,151205,9367,9367,4867,4500,0.5195900501761503,4867,4500,412795.07142857625,44.06907990056328,44.10714285713766,175.25350760095586,162.77801667204787,-84.32123015872904,1867.3928571428405,-1528.6428571428587,5234.0,0.5587701505284509,2.0,1.4989282608767418,2.0,-1.0,2.0,-1.0,0.37277978213688445,0.0,36.0788437015546,402.61538461538464,4901.714285714377,13.0,2.087890178102945,44.069079900563295,0.558770150528451,792240.6071428569,379445.5357142807,14,13,0.11651720579338815,0.0999760290391069,0.13440740740740742,4504.0,2364.0,0.5248667850799289,0.5746003552397868,4863.0,2503.0,0.5147028583179107,0.5441085749537322,,,9367.0,0.5195900501761503,,,4500.0,0.0,4867.0,1.0,,,,,9367.0,0.5195900501761503,,,9367.0,0.5195900501761503,,,,
M5@H1,body_close,any,any,any,both,limit,zone,fixed_rr,2.0,1.5,none,20,same,any,until_broken,999,0,any,any,any,any,any,any,any,any,own,any,none,20,24,close,156071,125571,2651,2651,1446,1205,0.5454545454545454,1446,1205,148268.6071428596,55.929312388856886,66.0714285713766,210.9012181452534,189.3455097806769,-104.17012448132716,1821.2857142856592,-1124.9642857143044,1687.0,0.6363636363636364,2.0,1.4940706135537014,2.0,-1.0,2.0,-1.0,0.4259260777842503,0.0,21.93002339091151,140.58333333333334,5490.750000000116,12.0,2.181187868096877,55.92931238885686,0.6363636363636362,273793.6071428588,125524.99999999923,11,9,0.10533760844964164,0.1200437989857077,0.08769017980636237,1275.0,713.0,0.5592156862745098,0.6776470588235293,1376.0,733.0,0.532703488372093,0.5981104651162791,,,2651.0,0.5454545454545454,,,1205.0,0.0,1446.0,1.0,,,2651.0,0.5454545454545454,,,,,2651.0,0.5454545454545454,,,,
M15@H1,body_close,any,any,any,both,limit,zone,fixed_rr,2.0,1.5,none,20,same,any,until_broken,999,0,any,any,any,any,any,any,any,any,own,any,none,20,24,close,173461,122745,6078,6078,3108,2970,0.5113524185587365,3108,2970,301415.01785714057,49.59115134207644,47.0000000000482,205.7445428220086,186.29070141570082,-93.46009499759516,2674.2142857143335,-1576.553571428576,3246.0,0.5340572556762093,2.0,1.4997366972062187,2.0,-1.0,2.0,-1.0,0.3561006786531774,0.0,27.762153376563333,249.69230769230768,5872.089285714203,13.0,2.085880963438445,49.591151342076444,0.5340572556762094,578991.4999999981,277576.4821428576,11,11,0.3160579137874301,0.31314350064350066,0.3191077441077441,3085.0,1585.0,0.513776337115073,0.5413290113452188,2993.0,1523.0,0.5088539926495156,0.5265619779485466,,,6078.0,0.5113524185587365,,,2970.0,0.0,3108.0,1.0,,,6078.0,0.5113524185587365,,,,,6078.0,0.5113524185587365,,,,
H1@H4,wick_touch,any,any,any,long,limit,zone,fixed_rr,2.0,1.5,none,20,same,any,until_broken,999,0,any,any,any,any,any,any,any,any,own,any,none,20,24,close,102673,11274,614,614,420,194,0.6840390879478827,420,194,154723.73214285757,251.9930490926019,163.0714285714248,676.9057108197982,459.3868197278918,-197.00377393225236,7056.642857142833,-1872.375000000011,646.0,1.0521172638436482,2.0,1.3958294017142836,2.0,-1.0,2.0,-1.0,0.7537577748050683,0.0,18.677381529822643,92.28571428571429,3553.125,7.0,5.048374277946196,251.9930490926019,1.0521172638436482,192942.46428571455,38218.732142856956,14,7,8.452768729641694,9.235714285714286,6.757731958762887,614.0,420.0,0.6840390879478827,1.0521172638436482,0.0,0.0,0.0,0.0,614.0,0.6840390879478827,614.0,0.6840390879478827,614.0,0.6840390879478827,194.0,0.0,420.0,1.0,,,,,,,,,,,,,,
H1@H4,wick_touch,any,any,any,short,limit,zone,fixed_rr,2.0,1.5,none,20,same,any,until_broken,999,0,any,any,any,any,any,any,any,any,own,any,none,20,24,close,102673,10018,452,452,278,174,0.6150442477876106,278,174,59672.767857142484,132.01939791403206,131.44642857141662,336.64546453400436,316.83299075025576,-163.25749178981968,2328.0357142857156,-757.5178571428523,382.0,0.8451327433628318,2.0,1.461372021879186,2.0,-1.0,2.0,-1.0,0.5783145774722519,0.0,12.295136568320133,42.44444444444444,2060.0892857141807,9.0,3.1006505609508617,132.019397914032,0.8451327433628317,88079.5714285711,28406.803571428623,11,9,8.398230088495575,7.424460431654676,9.954022988505747,0.0,0.0,0.0,0.0,452.0,278.0,0.6150442477876106,0.8451327433628318,452.0,0.6150442477876106,452.0,0.6150442477876106,452.0,0.6150442477876106,174.0,0.0,278.0,1.0,,,,,,,,,,,,,,
H1@D1,wick_touch,any,any,any,long,limit,zone,fixed_rr,2.0,1.5,none,20,same,any,until_broken,999,0,any,any,any,any,any,any,any,any,own,any,none,20,24,close,69416,3821,59,59,47,12,0.7966101694915254,47,12,26774.071428571347,453.79782082324317,317.24999999996726,804.4074957637235,688.9924012158035,-467.38095238095144,4000.892857142935,-1872.375000000011,82.0,1.3898305084745763,2.0,1.2179257260710108,2.0,-1.0,2.0,-1.0,1.1411455384542413,0.0,8.765305200397028,41.0,1872.375000000011,2.0,5.773777381558833,453.7978208232431,1.3898305084745761,32382.642857142764,5608.5714285714175,11,2,17.372881355932204,16.02127659574468,22.666666666666668,59.0,47.0,0.7966101694915254,1.3898305084745763,0.0,0.0,0.0,0.0,59.0,0.7966101694915254,59.0,0.7966101694915254,,,12.0,0.0,47.0,1.0,,,,,,,59.0,0.7966101694915254,,,,,,
H1@D1,wick_touch,any,any,any,short,limit,zone,fixed_rr,2.0,1.5,none,20,same,any,until_broken,999,0,any,any,any,any,any,any,any,any,own,any,none,20,24,close,69416,3762,42,42,24,18,0.5714285714285714,24,18,6244.2857142856155,148.67346938775276,155.01785714284324,426.02196067449523,445.2261904761883,-246.73015873016135,867.2857142857083,-425.392857142856,30.0,0.7142857142857143,2.0,1.5026109680334279,2.0,-1.0,2.0,-1.0,0.47536303772662464,0.0,3.0807045851137276,7.5,1591.410714285712,4.0,2.406008749356628,148.67346938775273,0.7142857142857142,10685.42857142852,4441.142857142904,6,4,14.904761904761905,9.708333333333334,21.833333333333332,0.0,0.0,0.0,0.0,42.0,24.0,0.5714285714285714,0.7142857142857143,42.0,0.5714285714285714,42.0,0.5714285714285714,,,18.0,0.0,24.0,1.0,,,,,,,42.0,0.5714285714285714,,,,,,
M15@H4,wick_touch,any,any,any,long,limit,zone,fixed_rr,2.0,1.5,none,20,same,any,until_broken,999,0,any,any,any,any,any,any,any,any,own,any,none,20,24,close,118270,7352,138,138,99,39,0.717391304347826,99,39,19551.767857142906,141.67947722567322,142.80357142858975,347.98840842686076,250.157647907648,-133.68818681318572,3153.107142857152,-834.7142857142899,159.0,1.1521739130434783,2.0,1.355724138730443,2.0,-1.0,2.0,-1.0,0.8498586697161137,0.0,9.98357885088542,53.0,1429.1250000000218,3.0,4.7499751691069845,141.67947722567325,1.152173913043478,24765.607142857152,5213.8392857142435,10,3,0.2608695652173913,0.25757575757575757,0.2692307692307692,138.0,99.0,0.717391304347826,1.1521739130434783,0.0,0.0,0.0,0.0,138.0,0.717391304347826,138.0,0.717391304347826,138.0,0.717391304347826,39.0,0.0,99.0,1.0,,,,,,,,,,,,,,
M15@H4,wick_touch,any,any,any,short,limit,zone,fixed_rr,2.0,1.5,none,20,same,any,until_broken,999,0,any,any,any,any,any,any,any,any,own,any,none,20,24,close,118270,6881,107,107,76,31,0.7102803738317757,76,31,12499.464285714133,116.8174232309732,140.6428571428478,162.39577281737812,201.52443609022396,-90.85138248848023,580.2499999999782,-230.8214285714257,121.0,1.1308411214953271,2.0,1.367300826442807,2.0,-1.0,2.0,-1.0,0.8270609507619054,0.0,8.555184997499763,30.25,413.14285714281596,4.0,5.438111058978583,116.8174232309732,1.130841121495327,15315.857142857021,2816.392857142887,9,4,0.26401869158878505,0.2598684210526316,0.27419354838709675,0.0,0.0,0.0,0.0,107.0,76.0,0.7102803738317757,1.1308411214953271,107.0,0.7102803738317757,107.0,0.7102803738317757,107.0,0.7102803738317757,31.0,0.0,76.0,1.0,,,,,,,,,,,,,,
M5@H1,wick_touch,any,any,any,long,limit,zone,fixed_rr,2.0,1.5,none,20,same,any,until_broken,999,0,any,any,any,any,any,any,any,any,own,any,none,20,24,close,156071,10284,244,244,165,79,0.6762295081967213,165,79,34644.035714286976,141.98375292740565,129.82142857140389,348.41621000225604,293.35346320346974,-174.16817359855105,2193.9642857141735,-1017.8928571428514,251.0,1.028688524590164,2.0,1.4066262651852217,2.0,-1.0,2.0,-1.0,0.7313161641089564,0.0,11.423523667434548,62.75,1831.6249999999854,4.0,3.517865856824088,141.98375292740565,1.028688524590164,48403.32142857251,13759.285714285534,11,4,0.08504098360655737,0.08383838383838384,0.08755274261603375,244.0,165.0,0.6762295081967213,1.028688524590164,0.0,0.0,0.0,0.0,244.0,0.6762295081967213,244.0,0.6762295081967213,,,79.0,0.0,165.0,1.0,,,244.0,0.6762295081967213,,,,,,,,,,
M5@H1,wick_touch,any,any,any,short,limit,zone,fixed_rr,2.0,1.5,none,20,same,any,until_broken,999,0,any,any,any,any,any,any,any,any,own,any,none,20,24,close,156071,10085,138,138,87,51,0.6304347826086957,87,51,9326.964285714348,67.58669772256773,80.69642857140025,151.84970719897007,161.5788177339908,-92.75280112044807,534.8928571429497,-270.05357142857065,123.0,0.8913043478260869,2.0,1.4533363710532443,2.0,-1.0,2.0,-1.0,0.6132815262719611,0.0,7.204426681171259,30.75,628.3392857142644,4.0,2.971710292863037,67.58669772256775,0.891304347826087,14057.3571428572,4730.392857142851,6,4,0.08393719806763285,0.0842911877394636,0.08333333333333333,0.0,0.0,0.0,0.0,138.0,87.0,0.6304347826086957,0.8913043478260869,138.0,0.6304347826086957,138.0,0.6304347826086957,,,51.0,0.0,87.0,1.0,,,138.0,0.6304347826086957,,,,,,,,,,
M5@M15,wick_touch,any,any,any,long,limit,zone,fixed_rr,2.0,1.5,none,20,same,any,until_broken,999,0,any,any,any,any,any,any,any,any,own,any,none,20,24,close,222820,23873,1487,1487,952,535,0.6402151983860122,952,535,146632.250000002,98.60944855413719,91.64285714286962,260.5792826520737,218.3202280912374,-114.40861148197382,1984.3928571428478,-1712.7142857143554,1369.0,0.9206455951580363,2.0,1.440295921681098,2.0,-1.0,2.0,-1.0,0.6392058613090209,0.0,24.648825650870215,195.57142857142858,4202.696428571551,7.0,3.3956148790932956,98.6094485541372,0.9206455951580365,207840.857142858,61208.607142855995,13,7,0.12429948442053351,0.09033613445378151,0.18473520249221184,1487.0,952.0,0.6402151983860122,0.9206455951580363,0.0,0.0,0.0,0.0,1487.0,0.6402151983860122,1487.0,0.6402151983860122,,,535.0,0.0,952.0,1.0,,,,,1487.0,0.6402151983860122,,,,,,,,
M5@M15,wick_touch,any,any,any,short,limit,zone,fixed_rr,2.0,1.5,none,20,same,any,until_broken,999,0,any,any,any,any,any,any,any,any,own,any,none,20,24,close,222820,22793,1148,1148,727,421,0.6332752613240418,727,421,84078.58928571182,73.23918927326814,75.01785714284779,158.71870265852428,159.78035959913257,-76.20363929419851,1211.8214285714203,-408.142857142866,1033.0,0.8998257839721254,2.0,1.4463615069133746,2.0,-1.0,2.0,-1.0,0.6221306220271373,0.0,21.079122241491127,129.125,935.9107142859139,8.0,3.6207621493539093,73.23918927326812,0.8998257839721253,116160.32142856938,32081.732142857574,11,7,0.13073461091753774,0.15359926639156352,0.0912509897070467,0.0,0.0,0.0,0.0,1148.0,727.0,0.6332752613240418,0.8998257839721254,1148.0,0.6332752613240418,1148.0,0.6332752613240418,,,421.0,0.0,727.0,1.0,,,,,1148.0,0.6332752613240418,,,,,,,,
M15@H1,wick_touch,any,any,any,long,limit,zone,fixed_rr,2.0,1.5,none,20,same,any,until_broken,999,0,any,any,any,any,any,any,any,any,own,any,none,20,24,close,173461,17147,918,918,586,332,0.6383442265795207,586,332,87872.39285714328,95.7215608465613,98.66071428573377,284.7064996557869,226.97050219405094,-135.94072719448977,3244.999999999891,-1576.553571428576,840.0000000000001,0.9150326797385622,2.0,1.4422252545505012,2.0,-1.0,2.000000000000115,-1.0,0.6344589216223028,0.0,19.223163036336974,105.00000000000001,6234.160714285739,8.0,2.9469947495658055,95.72156084656127,0.9150326797385622,133004.71428571385,45132.3214285706,13,8,0.2565359477124183,0.25341296928327645,0.2620481927710843,918.0,586.0,0.6383442265795207,0.9150326797385622,0.0,0.0,0.0,0.0,918.0,0.6383442265795207,918.0,0.6383442265795207,,,332.0,0.0,586.0,1.0,,,918.0,0.6383442265795207,,,,,,,,,,
M15@H1,wick_touch,any,any,any,short,limit,zone,fixed_rr,2.0,1.5,none,20,same,any,until_broken,999,0,any,any,any,any,any,any,any,any,own,any,none,20,24,close,173461,16367,656,656,418,238,0.6371951219512195,418,238,50740.80357142807,77.34878593205498,83.46428571428532,168.0200186454744,171.68779904306228,-88.3390606242519,928.6785714284633,-563.8035714285252,598.0,0.9115853658536586,2.0,1.4435283063824897,2.0,-1.0,2.0,-1.0,0.6314980882765711,0.0,16.174242859744883,85.42857142857143,658.5178571428478,7.0,3.4133905449627706,77.348785932055,0.9115853658536586,71765.50000000003,21024.69642857195,15,6,0.25876524390243905,0.2541866028708134,0.2668067226890756,0.0,0.0,0.0,0.0,656.0,418.0,0.6371951219512195,0.9115853658536586,656.0,0.6371951219512195,656.0,0.6371951219512195,,,238.0,0.0,418.0,1.0,,,656.0,0.6371951219512195,,,,,,,,,,
H1@H4,wick_touch,any,any,any,both,limit,zone,fixed_rr,1.5,1.5,none,20,same,any,until_broken,999,0,any,any,any,any,any,any,any,any,own,any,none,20,24,close,102673,21292,998,998,670,328,0.6713426853707415,670,328,142988.1964285713,143.27474592041213,117.72321428572923,448.72203284465974,304.0879797441362,-185.21570121951194,5292.482142857079,-1872.375000000011,676.999999999999,0.6783567134268528,1.5,1.1749015644164507,1.499999999999999,-1.0,1.5000000000003177,-1.0,0.577373231913074,0.0,18.239877445637863,75.22222222222211,3553.125,9.0,3.353686109695296,143.27474592041216,0.678356713426853,203738.94642857125,60750.74999999992,16,9,7.960921843687375,8.144776119402986,7.585365853658536,570.0,400.0,0.7017543859649122,0.7543859649122808,428.0,270.0,0.6308411214953271,0.5771028037383157,998.0,0.6713426853707415,998.0,0.6713426853707415,998.0,0.6713426853707415,328.0,0.0,670.0,1.0,,,,,,,,,,,,,,
H1@H4,wick_touch,any,any,any,both,limit,zone,fixed_rr,3.0,1.5,none,20,same,any,until_broken,999,0,any,any,any,any,any,any,any,any,own,any,none,20,24,close,102673,21292,962,962,596,366,0.6195426195426196,596,366,293850.5357142857,305.4579373329373,201.48214285715085,829.6605326298597,606.5246584372003,-184.80371779859468,10584.96428571425,-1872.375000000011,1422.0,1.478170478170478,3.0,1.943007307908658,3.0,-1.0,3.0,-1.0,0.7607642401311894,0.0,23.595958644607244,142.2,3553.125,10.0,5.344448941412779,305.4579373329374,1.4781704781704783,361488.69642857136,67638.16071428565,9,10,9.27027027027027,8.998322147651006,9.71311475409836,554.0,365.0,0.6588447653429603,1.635379061371841,408.0,231.0,0.5661764705882353,1.2647058823529411,962.0,0.6195426195426196,962.0,0.6195426195426196,962.0,0.6195426195426196,366.0,0.0,596.0,1.0,,,,,,,,,,,,,,
H1@H4,wick_touch,any,any,any,both,limit,zone,fixed_rr,4.0,1.5,none,20,same,any,until_broken,999,0,any,any,any,any,any,any,any,any,own,any,none,20,24,close,102673,21292,938,938,537,401,0.5724946695095949,537,401,332515.8750000004,354.4945362473352,220.89285714282596,992.2150414113505,767.4592976855552,-198.52809939437088,14113.285714285666,-3157.6071428571595,1747.0,1.8624733475479744,4.0,2.4749026396196383,4.0,-1.0,4.0,-1.0,0.752544087081427,0.0,23.048006456419238,174.7,3562.66071428571,10.0,5.17682256776191,354.4945362473352,1.8624733475479747,412125.64285714313,79609.76785714272,9,10,11.481876332622601,10.130353817504655,13.291770573566085,538.0,329.0,0.6115241635687733,2.057620817843866,400.0,208.0,0.52,1.6,938.0,0.5724946695095949,938.0,0.5724946695095949,938.0,0.5724946695095949,401.0,0.0,537.0,1.0,,,,,,,,,,,,,,
H1@D1,wick_touch,any,any,any,both,limit,zone,fixed_rr,1.5,1.5,none,20,same,any,until_broken,999,0,any,any,any,any,any,any,any,any,own,any,none,20,24,close,69416,7583,98,98,70,28,0.7142857142857143,70,28,23203.589285714042,236.77131924198002,159.60267857144572,557.3139626007289,465.10714285713965,-334.0682397959191,3000.669642857156,-1872.375000000011,76.99999999999986,0.7857142857142843,1.5,1.1351915229662486,1.4999999999999982,-1.0,1.5000000000001907,-1.0,0.6921424885742783,0.0,6.851861061054866,19.249999999999964,1872.375000000011,4.0,3.4806297595161366,236.77131924198005,0.7857142857142846,32557.499999999774,9353.910714285736,8,3,15.581632653061224,13.0,22.035714285714285,57.0,46.0,0.8070175438596491,1.0175438596491249,41.0,24.0,0.5853658536585366,0.4634146341463355,98.0,0.7142857142857143,98.0,0.7142857142857143,,,28.0,0.0,70.0,1.0,,,,,,,98.0,0.7142857142857143,,,,,,
H1@D1,wick_touch,any,any,any,both,limit,zone,fixed_rr,3.0,1.5,none,20,same,any,until_broken,999,0,any,any,any,any,any,any,any,any,own,any,none,20,24,close,69416,7583,95,95,66,29,0.6947368421052632,66,29,50851.857142857,535.2827067669158,291.1071428571631,961.6518755087772,914.0008116883098,-326.6274630541877,6001.339285714403,-1872.375000000011,169.0,1.7789473684210526,3.0,1.8518475384628956,3.0,-1.0,3.0,-1.0,0.9606338164845077,0.0,9.363100249943452,42.25,1872.3750000000146,4.0,6.3685391267299,535.2827067669159,1.7789473684210528,60324.05357142845,9472.196428571442,8,4,18.68421052631579,17.12121212121212,22.24137931034483,55.0,44.0,0.8,2.2,40.0,22.0,0.55,1.2,95.0,0.6947368421052632,95.0,0.6947368421052632,,,29.0,0.0,66.0,1.0,,,,,,,95.0,0.6947368421052632,,,,,,
H1@D1,wick_touch,any,any,any,both,limit,zone,fixed_rr,4.0,1.5,none,20,same,any,until_broken,999,0,any,any,any,any,any,any,any,any,own,any,none,20,24,close,69416,7583,94,94,60,34,0.6382978723404256,60,34,62848.17857142836,668.5976443768975,357.53571428572286,1255.099100306002,1229.4035714285685,-321.0598739495809,8001.78571428587,-1872.375000000011,206.0,2.1914893617021276,4.0,2.4153478600052303,4.0,-1.0,4.0,-1.0,0.9073183196466708,0.0,8.796777484831994,51.5,1872.3750000000146,4.0,6.757417822404093,668.5976443768975,2.1914893617021276,73764.21428571412,10916.03571428575,8,4,21.02127659574468,17.716666666666665,26.852941176470587,54.0,40.0,0.7407407407407407,2.7037037037037037,40.0,20.0,0.5,1.5,94.0,0.6382978723404256,94.0,0.6382978723404256,,,34.0,0.0,60.0,1.0,,,,,,,94.0,0.6382978723404256,,,,,,
M15@H4,wick_touch,any,any,any,both,limit,zone,fixed_rr,1.5,1.5,none,20,same,any,until_broken,999,0,any,any,any,any,any,any,any,any,own,any,none,20,24,close,118270,14233,238,238,171,67,0.7184873949579832,171,67,21744.99107142858,91.36550870348142,105.73660714285325,225.39993701485182,172.74953007518803,-116.34594882729213,2364.8303571428187,-834.7142857142899,189.50000000000048,0.7962184873949602,1.5,1.126711724759989,1.5000000000000029,-1.0,1.5000000000003664,-1.0,0.7066745378588919,0.0,10.9020437893554,47.37500000000012,1429.1250000000218,4.0,3.7895436739742974,91.36550870348144,0.7962184873949602,29540.169642857152,7795.178571428573,13,4,0.25315126050420167,0.25292397660818716,0.2537313432835821,134.0,95.0,0.7089552238805971,0.772388059701494,104.0,76.0,0.7307692307692307,0.8269230769230795,238.0,0.7184873949579832,238.0,0.7184873949579832,238.0,0.7184873949579832,67.0,0.0,171.0,1.0,,,,,,,,,,,,,,
M15@H4,wick_touch,any,any,any,both,limit,zone,fixed_rr,3.0,1.5,none,20,same,any,until_broken,999,0,any,any,any,any,any,any,any,any,own,any,none,20,24,close,118270,14233,231,231,153,78,0.6623376623376623,153,78,44558.071428571246,192.89208410636903,195.91071428567375,414.7176287426237,348.65301120448083,-112.63896520146558,4729.660714285728,-834.7142857142899,381.0,1.6493506493506493,3.0,1.8957588850968072,3.0,-1.0,3.0,-1.0,0.8700213209162541,0.0,13.223179263478487,95.25,1429.1250000000218,4.0,6.071578249902911,192.89208410636905,1.6493506493506493,53343.910714285565,8785.839285714315,8,4,0.3181818181818182,0.31699346405228757,0.32051282051282054,130.0,85.0,0.6538461538461539,1.6153846153846154,101.0,68.0,0.6732673267326733,1.693069306930693,231.0,0.6623376623376623,231.0,0.6623376623376623,231.0,0.6623376623376623,78.0,0.0,153.0,1.0,,,,,,,,,,,,,,
M15@H4,wick_touch,any,any,any,both,limit,zone,fixed_rr,4.0,1.5,none,20,same,any,until_broken,999,0,any,any,any,any,any,any,any,any,own,any,none,20,24,close,118270,14233,217,217,133,84,0.6129032258064516,133,84,53612.607142857334,247.06270572745316,257.14285714284415,557.6950576545075,475.18045112782073,-114.1237244897955,6306.214285714304,-834.7142857142899,448.0,2.064516129032258,4.0,2.441061523601396,4.0,-1.0,4.0,-1.0,0.8457452256206941,0.0,12.458605142842561,112.0,1429.1250000000218,4.0,6.592573551052686,247.06270572745316,2.064516129032258,63199.00000000016,9586.392857142822,8,4,0.43202764976958524,0.3101503759398496,0.625,126.0,79.0,0.626984126984127,2.134920634920635,91.0,54.0,0.5934065934065934,1.967032967032967,217.0,0.6129032258064516,217.0,0.6129032258064516,217.0,0.6129032258064516,84.0,0.0,133.0,1.0,,,,,,,,,,,,,,
M5@H1,wick_touch,any,any,any,both,limit,zone,fixed_rr,1.5,1.5,none,20,same,any,until_broken,999,0,any,any,any,any,any,any,any,any,own,any,none,20,24,close,156071,20369,371,371,245,126,0.660377358490566,245,126,27681.65178571544,74.61361667308744,84.69642857139661,241.79978010318416,187.22438046647622,-144.3517573696129,1645.47321428563,-1017.8928571428514,241.50000000000074,0.650943396226417,1.4999999999999514,1.185551724465007,1.5000000000000029,-1.0,1.5000000000008367,-1.0,0.5490636830039298,0.0,10.575713417340442,60.375000000000185,1831.6249999999854,4.0,2.521946480571405,74.61361667308745,0.650943396226417,45869.97321428667,18188.321428571224,12,4,0.08400718778077268,0.08333333333333333,0.08531746031746032,235.0,160.0,0.6808510638297872,0.7021276595744876,136.0,85.0,0.625,0.5624999999999721,371.0,0.660377358490566,371.0,0.660377358490566,,,126.0,0.0,245.0,1.0,,,371.0,0.660377358490566,,,,,,,,,,
M5@H1,wick_touch,any,any,any,both,limit,zone,fixed_rr,3.0,1.5,none,20,same,any,until_broken,999,0,any,any,any,any,any,any,any,any,own,any,none,20,24,close,156071,20369,363,363,220,143,0.6060606060606061,220,143,60440.00000000237,166.50137741047484,143.35714285721224,409.8778728175361,368.4370129870219,-144.1688311688283,3290.94642857126,-1017.8928571428514,517.0,1.4242424242424243,3.0,1.9571844323911087,3.0,-1.0,3.0,-1.0,0.7276996488789844,0.0,13.864540409592767,103.4,1831.6249999999854,5.0,3.9316832163424293,166.50137741047487,1.4242424242424243,81056.14285714482,20616.142857142448,12,5,0.09182736455463728,0.08598484848484847,0.10081585081585082,229.0,144.0,0.62882096069869,1.51528384279476,134.0,76.0,0.5671641791044776,1.2686567164179106,363.0,0.6060606060606061,363.0,0.6060606060606061,,,143.0,0.0,220.0,1.0,,,363.0,0.6060606060606061,,,,,,,,,,
M5@H1,wick_touch,any,any,any,both,limit,zone,fixed_rr,4.0,1.5,none,20,same,any,until_broken,999,0,any,any,any,any,any,any,any,any,own,any,none,20,24,close,156071,20369,356,356,195,161,0.547752808988764,195,161,69420.94642857483,195.00265850723267,143.2499999999891,475.0477912516362,476.9743589743741,-146.51586069210012,3736.50000000016,-1096.9821428570867,619.0,1.7387640449438202,4.0,2.4920747938156267,4.0,-1.0,4.0,-1.0,0.6977174398050834,0.0,13.16450632525599,123.8,2928.6071428570795,5.0,3.942930551171408,195.00265850723264,1.73876404494382,93010.00000000295,23589.05357142812,12,5,0.10416666666666666,0.09487179487179487,0.11542443064182194,225.0,133.0,0.5911111111111111,1.9555555555555555,131.0,62.0,0.4732824427480916,1.366412213740458,356.0,0.547752808988764,356.0,0.547752808988764,,,161.0,0.0,195.0,1.0,,,356.0,0.547752808988764,,,,,,,,,,
H1@H4,wick_touch,against_daily,any,any,both,limit,structure,zone,2.0,1.5,none,20,same,any,until_broken,999,0,any,any,any,any,any,any,any,any,own,any,none,20,24,close,102673,8428,280,280,138,142,0.4928571428571429,82,198,119639.48459814137,427.2838735647906,-47.428571428577015,4401.886503331242,2301.013216549678,-1393.6643611670015,53998.821428571406,-21169.92857142859,168.25307783267158,0.6009038494023985,-1.0,2.1470546364041194,2.248210708932403,-1.0,17.10107582408104,-1.0,0.27987357154953,0.0,4.683180595976325,18.6947864258524,55023.61510575429,9.0,1.6045441105859577,427.2838735647906,0.6009038494023986,317539.82388385554,197900.3392857142,8,8,136.025,84.26086956521739,186.33098591549296,165.0,83.0,0.503030303030303,0.6737979766659234,115.0,55.0,0.4782608695652174,0.49631662332864485,280.0,0.4928571428571429,280.0,0.4928571428571429,280.0,0.4928571428571429,198.0,0.2828282828282828,82.0,1.0,,,,,,,,,,,,,,
H1@D1,wick_touch,against_daily,any,any,both,limit,structure,zone,2.0,1.5,none,20,same,any,until_broken,999,0,any,any,any,any,any,any,any,any,own,any,none,20,24,close,69416,2898,40,40,29,11,0.725,9,30,163784.41983916948,4094.610495979237,888.392229739236,8674.30438431911,6184.188122532938,-1414.2759740259737,44681.05000000005,-4044.8571428571313,57.57444894632989,1.4393612236582474,1.0,2.5647179123710853,2.3646361705630996,-1.0,7.723919308357452,-1.0,0.5612161932957204,0.0,3.549442861167591,19.191482982109964,3296.767857142866,3.0,11.52799664712279,4094.6104959792374,1.439361223658247,179341.4555534552,15557.035714285712,16,3,176.6,138.6206896551724,276.72727272727275,28.0,22.0,0.7857142857142857,1.3488671959814904,12.0,7.0,0.5833333333333334,1.6505139549040135,40.0,0.725,40.0,0.725,,,30.0,0.6333333333333333,9.0,1.0,1.0,1.0,,,,,40.0,0.725,,,,,,
M15@H4,wick_touch,against_daily,any,any,both,limit,structure,zone,2.0,1.5,none,20,same,any,until_broken,999,0,any,any,any,any,any,any,any,any,own,any,none,20,24,close,118270,6099,73,73,40,33,0.547945205479452,13,60,26205.351581228548,358.977418920939,281.8749999999909,2827.658745580504,1544.0114681021446,-1077.4274891774921,18696.514285714282,-9459.321428571457,53.71569873479331,0.7358314895177166,1.0,2.2348168868773057,2.1678924683698324,-1.0,11.362008932640377,-1.0,0.329258067557333,0.0,2.8131821623858655,13.434524697409763,18034.071428571497,3.9983326499931877,1.737034808415505,358.97741892093893,0.7358314895177163,61760.45872408578,35555.10714285724,5,3,30.5,10.7375,54.45454545454545,45.0,24.0,0.5333333333333333,0.9296594622143124,28.0,16.0,0.5714285714285714,0.42432224768390164,73.0,0.547945205479452,73.0,0.547945205479452,73.0,0.547945205479452,60.0,0.45,13.0,1.0,,,,,,,,,,,,,,
M5@H1,wick_touch,against_daily,any,any,both,limit,structure,zone,2.0,1.5,none,20,same,any,until_broken,999,0,any,any,any,any,any,any,any,any,own,any,none,20,24,close,156071,7654,86,86,46,40,0.5348837209302325,17,69,22161.335010927814,257.68994198753273,133.54881889322314,1868.8452911436818,1394.1221896785582,-1049.2071428571467,7029.249999999956,-6107.3571428571995,60.31572114947443,0.7013455947613305,1.0,2.080072169436743,2.1807765467277047,-1.0,8.497220928427375,-1.0,0.33717368323390723,0.0,3.1268201050323716,12.063144229894885,16058.142857142957,5.0,1.5280495648976238,257.6899419875326,0.7013455947613302,64129.62072521368,41968.28571428587,11,5,3.813953488372093,1.5833333333333333,6.379166666666666,44.0,22.0,0.5,0.6706347275350975,42.0,24.0,0.5714285714285714,0.733518884236432,86.0,0.5348837209302325,86.0,0.5348837209302325,,,69.0,0.42028985507246375,17.0,1.0,,,86.0,0.5348837209302325,,,,,,,,,,
H1@H4,wick_touch,against_daily,push,any,both,limit,zone,fixed_rr,2.0,1.5,none,20,same,any,until_broken,999,0,any,any,any,any,any,any,any,any,own,any,none,20,24,close,102673,119,17,17,13,4,0.7647058823529411,13,4,22134.357142857218,1302.0210084033658,456.39285714287325,2197.7882805269987,1797.8406593406658,-309.39285714285916,7056.642857142833,-699.8214285714312,22.0,1.2941176470588236,2.0,1.3117119482928092,2.0,-1.0,2.0,-1.0,0.986586764527925,0.0,4.067801438985014,22.0,699.8214285714312,1.0,18.885316864827374,1302.0210084033656,1.2941176470588234,23371.928571428656,1237.5714285714366,5,1,17.58823529411765,20.923076923076923,6.75,17.0,13.0,0.7647058823529411,1.2941176470588236,0.0,0.0,0.0,0.0,17.0,0.7647058823529411,17.0,0.7647058823529411,17.0,0.7647058823529411,4.0,0.0,13.0,1.0,,,,,,,,,,,,,,
H1@D1,wick_touch,against_daily,push,any,both,limit,zone,fixed_rr,2.0,1.5,none,20,same,any,until_broken,999,0,any,any,any,any,any,any,any,any,own,any,none,20,24,close,69416,75,4,4,4,0,1.0,4,0,4009.1785714285834,1002.2946428571458,1088.732142857134,553.7010611465415,1002.2946428571458,0.0,1530.3214285714603,301.39285714285506,8.0,2.0,2.0,0.0,2.0,0.0,2.0,2.0,0.0,0.0,0.0,0.0,0.0,0.0,inf,1002.2946428571458,2.0,4009.1785714285834,0.0,4,0,30.25,30.25,0.0,2.0,2.0,1.0,2.0,2.0,2.0,1.0,2.0,4.0,1.0,4.0,1.0,,,,,4.0,1.0,,,,,,,4.0,1.0,,,,,,
M15@H4,wick_touch,against_daily,push,any,both,limit,zone,fixed_rr,2.0,1.5,none,20,same,any,until_broken,999,0,any,any,any,any,any,any,any,any,own,any,none,20,24,close,118270,268,8,8,6,2,0.75,6,2,4976.464285714292,622.0580357142865,197.26785714285597,1087.0658419560564,844.6488095238086,-45.71428571427987,3153.107142857152,-50.12500000000273,10.0,1.25,2.0,1.3887301496588271,2.0,-1.0,2.0,-1.0,0.9001028747788695,0.0,2.545875386086578,10.0,50.12500000000273,1.0,55.43007812500703,622.0580357142865,1.25,5067.892857142851,91.42857142855974,6,2,0.25,0.25,0.25,7.0,5.0,0.7142857142857143,1.1428571428571428,1.0,1.0,1.0,2.0,8.0,0.75,8.0,0.75,8.0,0.75,2.0,0.0,6.0,1.0,,,,,,,,,,,,,,
M5@H1,wick_touch,against_daily,push,any,both,limit,zone,fixed_rr,2.0,1.5,none,20,same,any,until_broken,999,0,any,any,any,any,any,any,any,any,own,any,none,20,24,close,156071,110,8,8,3,5,0.375,3,5,-421.96428571423894,-52.74553571427987,-153.77678571428532,397.14806625452223,337.41666666668,-286.8428571428558,461.5000000000691,-813.732142857134,1.0,0.125,-1.0,1.5526475085202969,2.0,-1.0,2.0,-1.0,0.08050764858994133,0.0,0.22771001702132446,0.3333333333333333,1118.3571428571668,3.0,0.7057871407938955,-52.74553571427987,0.125,1012.25000000004,1434.214285714279,2,3,0.08333333333333333,0.08333333333333333,0.08333333333333333,8.0,3.0,0.375,0.125,0.0,0.0,0.0,0.0,8.0,0.375,8.0,0.375,,,5.0,0.0,3.0,1.0,,,8.0,0.375,,,,,,,,,,
H1@H4,wick_touch,any,any,fresh,both,limit,zone,fixed_rr,2.0,1.5,none,20,same,any,until_broken,999,0,any,any,any,any,any,any,any,any,own,any,none,20,24,close,102673,6346,117,117,102,15,0.8717948717948718,102,15,20944.482142857647,179.0126678876722,181.17857142856337,224.14212077218255,235.9905462184913,-208.4369047618975,957.7142857142462,-700.8928571428442,189.0,1.6153846153846154,2.0,1.007268017667813,2.0,-1.0,2.0,-1.0,1.603728686953459,0.0,17.3469780382297,63.0,2060.0892857141844,3.0,7.698903973453593,179.01266788767222,1.6153846153846154,24071.03571428611,3126.5535714284624,20,3,1.0341880341880343,1.0098039215686274,1.2,56.0,50.0,0.8928571428571429,1.6785714285714286,61.0,52.0,0.8524590163934426,1.5573770491803278,117.0,0.8717948717948718,117.0,0.8717948717948718,117.0,0.8717948717948718,15.0,0.0,102.0,1.0,,,,,,,,,,,,,,
H1@H4,wick_touch,any,any,young,both,limit,zone,fixed_rr,2.0,1.5,none,20,same,any,until_broken,999,0,any,any,any,any,any,any,any,any,own,any,none,20,24,close,102673,7292,340,340,224,116,0.6588235294117647,224,116,52056.535714285645,153.1074579831931,150.01785714282505,390.52575558352333,310.5754145408155,-150.9685960591123,4679.749999999876,-757.5178571428523,332.0,0.9764705882352941,2.0,1.4244097931141226,2.0,-1.0,2.0,-1.0,0.6855264495903813,0.0,12.640483157297345,47.42857142857143,1237.0178571429205,7.0,3.9725601921908362,153.10745798319306,0.9764705882352941,69568.89285714267,17512.357142857025,10,6,4.3,4.709821428571429,3.5086206896551726,178.0,121.0,0.6797752808988764,1.0393258426966292,162.0,103.0,0.6358024691358025,0.9074074074074074,340.0,0.6588235294117647,340.0,0.6588235294117647,340.0,0.6588235294117647,116.0,0.0,224.0,1.0,,,,,,,,,,,,,,
H1@D1,wick_touch,any,any,fresh,both,limit,zone,fixed_rr,2.0,1.5,none,20,same,any,until_broken,999,0,any,any,any,any,any,any,any,any,own,any,none,20,24,close,69416,2725,8,8,8,0,1.0,8,0,5155.4285714285015,644.4285714285627,769.6249999999736,377.2811797013548,644.4285714285627,0.0,1229.4642857142662,154.99999999997272,16.0,2.0,2.0,0.0,2.0,0.0,2.0,2.0,0.0,0.0,0.0,0.0,0.0,0.0,inf,644.4285714285627,2.0,5155.4285714285015,0.0,8,0,21.375,21.375,0.0,4.0,4.0,1.0,2.0,4.0,4.0,1.0,2.0,8.0,1.0,8.0,1.0,,,,,8.0,1.0,,,,,,,8.0,1.0,,,,,,
H1@D1,wick_touch,any,any,young,both,limit,zone,fixed_rr,2.0,1.5,none,20,same,any,until_broken,999,0,any,any,any,any,any,any,any,any,own,any,none,20,24,close,69416,3030,53,53,38,15,0.7169811320754716,38,15,21433.910714285455,404.41340970349916,309.8214285714221,626.2528825562998,687.8458646616476,-313.61547619047695,1681.6785714285288,-787.74999999996,61.0,1.150943396226415,2.0,1.3643288913079115,2.0,-1.0,2.0,-1.0,0.8435967335728449,0.0,6.141476922648411,15.25,1591.4107142857138,4.0,5.556303784206405,404.4134097034991,1.150943396226415,26138.14285714261,4704.232142857154,7,4,15.528301886792454,13.868421052631579,19.733333333333334,29.0,24.0,0.8275862068965517,1.4827586206896552,24.0,14.0,0.5833333333333334,0.75,53.0,0.7169811320754716,53.0,0.7169811320754716,,,15.0,0.0,38.0,1.0,,,,,,,53.0,0.7169811320754716,,,,,,
M15@H4,wick_touch,any,any,fresh,both,limit,zone,fixed_rr,2.0,1.5,none,20,same,any,until_broken,999,0,any,any,any,any,any,any,any,any,own,any,none,20,24,close,118270,5756,23,23,19,4,0.8260869565217391,19,4,3779.928571428718,164.34472049690078,175.75000000001637,159.59843648925124,218.75563909775337,-94.10714285714903,580.2499999999782,-131.89285714286143,34.0,1.4782608695652173,2.0,1.1626601636447693,2.0,-1.0,2.0,-1.0,1.2714470795413562,0.0,6.09764598428833,17.0,186.23214285714766,2.0,11.041555977229333,164.34472049690078,1.4782608695652173,4156.357142857314,376.4285714285961,6,2,0.2608695652173913,0.25,0.3125,11.0,8.0,0.7272727272727273,1.1818181818181819,12.0,11.0,0.9166666666666666,1.75,23.0,0.8260869565217391,23.0,0.8260869565217391,23.0,0.8260869565217391,4.0,0.0,19.0,1.0,,,,,,,,,,,,,,
M15@H4,wick_touch,any,any,young,both,limit,zone,fixed_rr,2.0,1.5,none,20,same,any,until_broken,999,0,any,any,any,any,any,any,any,any,own,any,none,20,24,close,118270,5010,81,81,58,23,0.7160493827160493,58,23,9534.339285714235,117.70789241622512,149.5714285714257,162.625391483822,202.6200738916251,-96.41847826087047,585.4642857142608,-245.4107142857083,93.0,1.1481481481481481,2.0,1.3611677992730278,2.0,-1.0,2.0,-1.0,0.8435022844070738,0.0,7.591520559663664,31.0,476.232142857134,3.0,5.299346952579515,117.70789241622512,1.148148148148148,11751.964285714257,2217.625000000021,10,3,0.27469135802469136,0.2672413793103448,0.29347826086956524,31.0,20.0,0.6451612903225806,0.9354838709677419,50.0,38.0,0.76,1.28,81.0,0.7160493827160493,81.0,0.7160493827160493,81.0,0.7160493827160493,23.0,0.0,58.0,1.0,,,,,,,,,,,,,,
M5@H1,wick_touch,any,any,fresh,both,limit,zone,fixed_rr,2.0,1.5,none,20,same,any,until_broken,999,0,any,any,any,any,any,any,any,any,own,any,none,20,24,close,156071,8981,33,33,30,3,0.9090909090909091,30,3,5891.125000000056,178.5189393939411,156.9999999999709,180.41956878779217,204.6000000000034,-82.29166666668182,865.4285714286743,-135.12500000001637,57.0,1.7272727272727273,2.0,0.8758113121817134,2.0,-1.0,2.0,-1.0,1.9721973252091916,0.0,11.329411085998935,57.0,135.12500000001637,1.0,24.862784810122417,178.5189393939411,1.727272727272727,6138.000000000102,246.87500000004547,10,1,0.08333333333333333,0.08333333333333333,0.08333333333333333,20.0,20.0,1.0,2.0,13.0,10.0,0.7692307692307693,1.3076923076923077,33.0,0.9090909090909091,33.0,0.9090909090909091,,,3.0,0.0,30.0,1.0,,,33.0,0.9090909090909091,,,,,,,,,,
M5@H1,wick_touch,any,any,young,both,limit,zone,fixed_rr,2.0,1.5,none,20,same,any,until_broken,999,0,any,any,any,any,any,any,any,any,own,any,none,20,24,close,156071,5798,139,139,88,51,0.6330935251798561,88,51,12327.44642857192,88.68666495375483,105.2142857142826,196.2765753004645,202.54667207792428,-107.77766106441995,696.7857142857611,-432.39285714280413,125.0,0.8992805755395683,2.0,1.4511113383745184,2.0,-1.0,2.0,-1.0,0.6197185231471689,0.0,7.306373632829588,31.25,846.1071428570449,4.0,3.2427155448277523,88.6866649537548,0.8992805755395682,17824.107142857338,5496.660714285417,8,4,0.08393285371702637,0.08333333333333333,0.0849673202614379,81.0,50.0,0.6172839506172839,0.8518518518518519,58.0,38.0,0.6551724137931034,0.9655172413793104,139.0,0.6330935251798561,139.0,0.6330935251798561,,,51.0,0.0,88.0,1.0,,,139.0,0.6330935251798561,,,,,,,,,,
H1@H4,wick_touch,any,any,any,both,limit,zone,fixed_rr,2.0,1.5,none,20,same,any,until_broken,999,0,any,any,12h-3d,any,any,any,any,any,own,any,none,20,24,close,102673,6827,176,176,132,44,0.75,132,44,28720.035714286325,163.1820211038996,181.51785714287598,294.64979571122376,285.05465367965695,-202.43587662337256,1229.4642857142662,-700.8928571428442,220.0,1.25,2.0,1.3027443560203427,2.0,-1.0,2.0,-1.0,0.9595128884829964,0.0,12.729376930432888,55.0,2585.1428571427277,4.0,4.224369589536663,163.1820211038996,1.25,37627.21428571472,8907.178571428392,14,4,3.8579545454545454,4.765151515151516,1.1363636363636365,88.0,68.0,0.7727272727272727,1.3181818181818181,88.0,64.0,0.7272727272727273,1.1818181818181819,176.0,0.75,176.0,0.75,176.0,0.75,44.0,0.0,132.0,1.0,,,,,,,,,,,,,,
H1@D1,wick_touch,any,any,any,both,limit,zone,fixed_rr,2.0,1.5,none,20,same,any,until_broken,999,0,any,any,12h-3d,any,any,any,any,any,own,any,none,20,24,close,69416,519,1,1,1,0,1.0,1,0,1229.4642857142662,1229.4642857142662,1229.4642857142662,0.0,1229.4642857142662,0.0,1229.4642857142662,1229.4642857142662,2.0,2.0,2.0,0.0,2.0,0.0,2.0,2.0,0.0,0.0,0.0,0.0,0.0,0.0,inf,1229.4642857142662,2.0,1229.4642857142662,0.0,1,0,72.0,72.0,0.0,1.0,1.0,1.0,2.0,0.0,0.0,0.0,0.0,1.0,1.0,1.0,1.0,,,,,1.0,1.0,,,,,,,1.0,1.0,,,,,,
M15@H4,wick_touch,any,any,any,both,limit,zone,fixed_rr,2.0,1.5,none,20,same,any,until_broken,999,0,any,any,12h-3d,any,any,any,any,any,own,any,none,20,24,close,118270,5637,51,51,34,17,0.6666666666666666,34,17,5899.214285714538,115.67086834734388,149.5714285714257,174.97639521033406,218.42542016807408,-89.83823529411653,585.4642857142608,-245.4107142857083,51.0,1.0,2.0,1.42828568570857,2.0,-1.0,2.0,-1.0,0.7001400420140049,0.0,5.000000000000001,25.5,245.4107142857083,2.0,4.862638262049181,115.67086834734388,0.9999999999999999,7426.464285714519,1527.249999999981,5,2,0.2647058823529412,0.25,0.29411764705882354,25.0,16.0,0.64,0.92,26.0,18.0,0.6923076923076923,1.0769230769230769,51.0,0.6666666666666666,51.0,0.6666666666666666,51.0,0.6666666666666666,17.0,0.0,34.0,1.0,,,,,,,,,,,,,,
M5@H1,wick_touch,any,any,any,both,limit,zone,fixed_rr,2.0,1.5,none,20,same,any,until_broken,999,0,any,any,12h-3d,any,any,any,any,any,own,any,none,20,24,close,156071,6212,151,151,101,50,0.6688741721854304,101,50,15368.8928571436,101.780747398302,109.8928571428587,201.4492392740114,206.68564356436144,-110.1271428571381,715.9999999999854,-432.39285714280413,152.0,1.0066225165562914,2.0,1.416553040502293,2.0,-1.0,2.0,-1.0,0.7106140665226026,0.0,8.732171842245679,38.0,628.3392857142644,4.0,3.791118058348399,101.78074739830198,1.0066225165562912,20875.250000000506,5506.357142856905,9,4,0.08388520971302428,0.08333333333333333,0.085,93.0,61.0,0.6559139784946236,0.967741935483871,58.0,40.0,0.6896551724137931,1.0689655172413792,151.0,0.6688741721854304,151.0,0.6688741721854304,,,50.0,0.0,101.0,1.0,,,151.0,0.6688741721854304,,,,,,,,,,
H1@H4,wick_touch,at_transition,any,any,both,limit,zone,fixed_rr,2.0,1.5,none,20,same,any,until_broken,999,0,any,any,any,any,any,any,any,any,own,any,none,20,24,close,102673,2340,153,153,103,50,0.673202614379085,103,50,54875.321428571275,358.66223155928935,287.2142857142876,691.74315293593,693.856102635227,-331.8371428571419,3009.6428571428532,-1500.1964285714394,156.0,1.0196078431372548,2.0,1.4117485809192634,2.0,-1.0,2.0,-1.0,0.7222304714295054,0.0,8.933497559230466,39.0,1500.1964285714384,4.0,4.3073646280877895,358.66223155928947,1.019607843137255,71467.17857142838,16591.857142857094,9,4,31.483660130718953,30.54368932038835,33.42,92.0,69.0,0.75,1.25,61.0,34.0,0.5573770491803278,0.6721311475409836,153.0,0.673202614379085,153.0,0.673202614379085,153.0,0.673202614379085,50.0,0.0,103.0,1.0,,,,,,,,,,,,,,
H1@D1,wick_touch,at_transition,any,any,both,limit,zone,fixed_rr,2.0,1.5,none,20,same,any,until_broken,999,0,any,any,any,any,any,any,any,any,own,any,none,20,24,close,69416,381,25,25,16,9,0.64,16,9,10473.321428571353,418.9328571428541,765.3214285714057,652.0999533647804,867.343749999992,-378.24206349205775,1568.5714285714312,-462.35714285712675,23.0,0.92,2.0,1.469693845669907,2.0,-1.0,2.0,-1.0,0.6259807120445899,0.0,3.1299035602229495,7.666666666666667,1138.9107142857029,3.0,4.076607530660872,418.9328571428541,0.92,13877.499999999873,3404.1785714285197,4,3,44.28,39.1875,53.333333333333336,12.0,9.0,0.75,1.25,13.0,7.0,0.5384615384615384,0.6153846153846154,25.0,0.64,25.0,0.64,,,9.0,0.0,16.0,1.0,,,,,,,25.0,0.64,,,,,,
M15@H4,wick_touch,at_transition,any,any,both,limit,zone,fixed_rr,2.0,1.5,none,20,same,any,until_broken,999,0,any,any,any,any,any,any,any,any,own,any,none,20,24,close,118270,111,3,3,2,1,0.6666666666666666,2,1,8.196428571454817,2.7321428571516058,111.4642857142826,217.30976095573016,127.83928571429897,-247.48214285714312,144.21428571431534,-247.48214285714312,3.0,1.0,2.0,1.7320508075688772,2.0,-1.0,2.0,-1.0,0.5773502691896258,0.0,1.0,3.0,247.48214285714312,1.0,1.0331192726749021,2.7321428571515867,0.9999999999999999,255.67857142859793,247.48214285714312,2,1,0.25,0.25,0.25,2.0,1.0,0.5,0.5,1.0,1.0,1.0,2.0,3.0,0.6666666666666666,3.0,0.6666666666666666,3.0,0.6666666666666666,1.0,0.0,2.0,1.0,,,,,,,,,,,,,,
M5@H1,wick_touch,at_transition,any,any,both,limit,zone,fixed_rr,2.0,1.5,none,20,same,any,until_broken,999,0,any,any,any,any,any,any,any,any,own,any,none,20,24,close,156071,134,4,4,1,3,0.25,1,3,-179.33928571428623,-44.83482142857156,-119.41071428570922,259.74213745727195,329.53571428570285,-169.62499999999636,329.53571428570285,-270.05357142857065,-1.0,-0.25,-1.0,1.5,2.0,-1.0,2.0,-1.0,-0.16666666666666666,0.0,-0.3333333333333333,-0.5,238.82142857141844,2.0,0.6475769379232816,-44.83482142857156,-0.25,329.53571428570285,508.8749999999891,1,3,0.08333333333333333,0.08333333333333333,0.08333333333333333,2.0,0.0,0.0,-1.0,2.0,1.0,0.5,0.5,4.0,0.25,4.0,0.25,,,3.0,0.0,1.0,1.0,,,4.0,0.25,,,,,,,,,,
H1@H4,wick_touch,against_daily,continuation,young,both,limit,zone,fixed_rr,2.0,1.5,none,20,same,any,until_broken,999,0,any,any,any,any,any,any,any,any,own,any,none,20,24,close,102673,1302,45,45,33,12,0.7333333333333333,33,12,8161.6607142856765,181.37023809523726,154.99999999997272,274.85888051432283,279.44264069263875,-88.32886904761683,1380.4999999999836,-139.4821428571504,54.0,1.2,2.0,1.341640786499874,2.0,-1.0,2.0,-1.0,0.8944271909999156,0.0,5.999999999999998,27.0,202.39285714285415,2.0,8.700069073571935,181.37023809523726,1.1999999999999997,9221.60714285708,1059.946428571402,10,2,3.7555555555555555,4.666666666666667,1.25,25.0,19.0,0.76,1.28,20.0,14.0,0.7,1.1,45.0,0.7333333333333333,45.0,0.7333333333333333,45.0,0.7333333333333333,12.0,0.0,33.0,1.0,,,,,,,,,,,,,,
H1@H4,wick_touch,against_daily,continuation,young,both,limit,zone,fixed_rr,3.0,1.5,none,20,same,any,until_broken,999,0,any,any,any,any,any,any,any,any,own,any,none,20,24,close,102673,1302,42,42,29,13,0.6904761904761905,29,13,10730.874999999969,255.49702380952309,186.53571428567375,414.3208197856878,411.79064039408627,-93.15796703296411,2070.7499999999754,-151.1071428571313,74.0,1.7619047619047619,3.0,1.8716045523733307,3.0,-1.0,3.0,-1.0,0.9413873030339334,0.0,6.100887007736425,37.0,290.5892857142817,2.0,9.860776478568205,255.49702380952306,1.7619047619047616,11941.928571428502,1211.0535714285334,7,2,4.666666666666667,6.137931034482759,1.3846153846153846,23.0,17.0,0.7391304347826086,1.9565217391304348,19.0,12.0,0.631578947368421,1.5263157894736843,42.0,0.6904761904761905,42.0,0.6904761904761905,42.0,0.6904761904761905,13.0,0.0,29.0,1.0,,,,,,,,,,,,,,
H1@D1,wick_touch,with_daily,push,any,both,limit,zone,fixed_rr,2.0,1.5,none,20,same,any,until_broken,999,0,any,any,any,any,any,any,any,any,own,any,none,20,24,close,69416,12,2,2,2,0,1.0,2,0,1415.249999999969,707.6249999999845,707.6249999999845,28.259017433867758,707.6249999999845,0.0,727.6071428571413,687.6428571428278,4.0,2.0,2.0,0.0,2.0,0.0,2.0,2.0,0.0,0.0,0.0,0.0,0.0,0.0,inf,707.6249999999845,2.0,1415.249999999969,0.0,2,0,12.5,12.5,0.0,1.0,1.0,1.0,2.0,1.0,1.0,1.0,2.0,2.0,1.0,2.0,1.0,,,,,2.0,1.0,,,,,,,2.0,1.0,,,,,,
H1@D1,wick_touch,with_daily,push,any,both,limit,zone,fixed_rr,3.0,1.5,none,20,same,any,until_broken,999,0,any,any,any,any,any,any,any,any,own,any,none,20,24,close,69416,12,2,2,1,1,0.5,1,1,747.5892857142981,373.79464285714903,373.79464285714903,1014.8623807911735,1091.410714285712,-343.8214285714139,1091.410714285712,-343.8214285714139,2.0,1.0,1.0,2.8284271247461903,3.0,-1.0,3.0,-1.0,0.35355339059327373,0.0,0.5,0.0,0.0,0.0,3.174353381115741,373.79464285714903,1.0,1091.410714285712,343.8214285714139,1,1,24.5,1.0,48.0,1.0,1.0,1.0,3.0,1.0,0.0,0.0,-1.0,2.0,0.5,2.0,0.5,,,1.0,0.0,1.0,1.0,,,,,,,2.0,0.5,,,,,,
H1@H4,wick_touch,any,any,any,both,cascade_layered,zone,fixed_rr,2.0,1.5,none,20,same,any,until_broken,999,0,any,any,any,any,any,any,any,any,own,any,none,20,24,close,102673,21292,2434,2434,191,2243,0.07847165160230074,191,2243,-1025216.645392128,-421.2065100214166,-370.2589285714339,770.8347736369072,1132.949795711166,-553.5488436794296,8134.464285714239,-7499.785714285713,-1861.0,-0.7645850451930978,-1.0,0.8069028208577014,2.0000000000000004,-1.0,2.000000000000097,-1.0,-0.9475553008730077,0.0,-46.748195594582185,-1.0,1029540.720702321,1861.0,0.17428451861365354,-421.2065100214166,-0.7645850451930978,216393.4109808327,1241610.0563729608,5,104,5.458915365653246,11.842931937172775,4.915292019616585,1242.0,109.0,0.08776167471819646,-0.7367149758454106,1192.0,82.0,0.06879194630872483,-0.7936241610738255,2434.0,0.07847165160230074,2434.0,0.07847165160230074,2434.0,0.07847165160230074,2243.0,0.0,191.0,1.0,,,,,,,,,,,,,,
H1@H4,wick_touch,any,any,any,both,cascade_layered,zone,fixed_rr,2.0,1.5,none,20,same,any,until_broken,999,0,any,any,any,any,any,any,any,any,htf,any,none,20,24,close,102673,21292,1177,1177,217,960,0.18436703483432457,216,960,-825665.5785714269,-701.5000667556728,-1006.6964285714221,3251.9368967931628,3479.822053982885,-1646.653087797618,61242.46428571423,-14999.857142857036,-527.6633760752528,-0.44831212920582225,-1.0,1.1618786921479443,1.9923346724642728,-1.0,2.0,-1.0,-0.38585106365711525,0.0,-13.237559744677647,-1.0012587781314095,838429.589285712,527.0,0.47768700196455094,-701.5000667556728,-0.4483121292058222,755121.385714286,1580786.9642857132,9,29,60.23364485981308,95.17511520737327,52.33541666666667,601.0,141.0,0.23460898502495842,-0.29894072558278334,576.0,76.0,0.13194444444444445,-0.6041666666666666,1177.0,0.18436703483432457,1177.0,0.18436703483432457,1177.0,0.18436703483432457,960.0,0.0,216.0,1.0,1.0,1.0,,,,,,,,,,,,
H1@H4,wick_touch,with_daily,any,any,both,cascade_layered,zone,fixed_rr,2.0,1.5,none,20,same,any,until_broken,999,0,any,any,any,any,any,any,any,any,own,any,none,20,24,close,102673,5332,525,525,42,483,0.08,42,483,-193823.2993607779,-369.18723687767215,-348.8749999999982,575.5610440449642,1023.8987572565942,-490.3251494110866,2366.2499999999454,-3764.6964285713693,-399.0,-0.76,-1.0,0.8146558304814399,2.0,-1.0,2.0,-1.0,-0.9329092993182904,0.0,-21.375637403271398,-0.9950124688279302,193198.18008675124,401.0,0.1815829244145202,-369.18723687767215,-0.76,43003.747804776955,236827.04716555483,3,108,3.2895238095238097,5.904761904761905,3.062111801242236,285.0,29.0,0.10175438596491228,-0.6947368421052632,240.0,13.0,0.05416666666666667,-0.8375,525.0,0.08,525.0,0.08,525.0,0.08,483.0,0.0,42.0,1.0,,,,,,,,,,,,,,
H1@H4,wick_touch,against_daily,any,any,both,cascade_layered,zone,fixed_rr,2.0,1.5,none,20,same,any,until_broken,999,0,any,any,any,any,any,any,any,any,own,any,none,20,24,close,102673,8428,1228,1228,94,1134,0.07654723127035831,94,1134,-546665.3206454567,-445.1671992226846,-371.31422979724675,709.7190944273893,930.104628616282,-559.1668039994596,8134.464285714239,-6001.287971143483,-945.9999999999999,-0.770358306188925,-1.0,0.7979400140173892,2.0000000000000013,-1.0,2.000000000000097,-1.0,-0.9654338580044399,0.0,-33.83153546581476,-1.0,547298.8265273389,945.9999999999999,0.13788125378206745,-445.16719922268453,-0.770358306188925,87429.83508993051,634095.1557353872,4,82,4.011400651465798,11.042553191489361,3.4285714285714284,595.0,56.0,0.09411764705882353,-0.7176470588235292,633.0,38.0,0.06003159557661927,-0.8199052132701422,1228.0,0.07654723127035831,1228.0,0.07654723127035831,1228.0,0.07654723127035831,1134.0,0.0,94.0,1.0,,,,,,,,,,,,,,
H1@H4,wick_touch,any,push,any,both,cascade_layered,zone,fixed_rr,2.0,1.5,none,20,same,any,until_broken,999,0,any,any,any,any,any,any,any,any,own,any,none,20,24,close,102673,335,67,67,3,64,0.04477611940298507,3,64,-61844.41937611427,-923.051035464392,-924.4999999999436,724.8663307627753,1539.280512140158,-1038.4728267583555,2153.5558221348765,-1689.5714285714348,-58.0,-0.8656716417910447,-1.0,0.6251187132847479,2.0,-1.0,2.0,-1.0,-1.3848115940127401,0.0,-11.335171419573289,-1.0175438596491229,61263.40151897144,57.0,0.06948065673687534,-923.0510354643922,-0.8656716417910447,4617.841536420474,66462.26091253475,3,36,2.656716417910448,12.0,2.21875,67.0,3.0,0.04477611940298507,-0.8656716417910447,0.0,0.0,0.0,0.0,67.0,0.04477611940298507,67.0,0.04477611940298507,67.0,0.04477611940298507,64.0,0.0,3.0,1.0,,,,,,,,,,,,,,
H1@H4,wick_touch,any,any,any,both,cascade_layered,zone,zone,2.0,1.5,none,20,same,any,until_broken,999,0,any,any,any,any,any,any,any,any,htf,any,none,20,24,close,102673,21292,1280,1280,367,913,0.28671875,367,913,-991556.0785714288,-774.6531863839288,-895.6517857142558,2354.165245980738,1451.970883612298,-1669.6926537318097,24550.77857142851,-14971.410714285685,-577.739208429421,-0.451358756585485,-1.0,0.9812487955451166,0.913517143244085,-1.0,6.038951064554435,-1.0,-0.4599840108183166,0.0,-16.456888268044075,-1.0006646701848763,1015460.089285714,577.3554574707646,0.34955591697624144,-774.6531863839289,-0.45135875658548497,532873.3142857134,1524429.3928571423,9,31,46.33359375,51.49591280653951,44.258488499452355,648.0,208.0,0.32098765432098764,-0.3939516881501284,632.0,159.0,0.25158227848101267,-0.5102191685255343,1280.0,0.28671875,1280.0,0.28671875,1280.0,0.28671875,913.0,0.0,367.0,1.0,,,,,,,,,,,,,,
H1@H4,wick_touch,any,any,any,both,cascade_layered,zone,fixed_rr,1.5,1.5,none,20,same,any,until_broken,999,0,any,any,any,any,any,any,any,any,own,any,none,20,24,close,102673,21292,2445,2445,233,2212,0.09529652351738241,233,2212,-1042468.7322416796,-426.3675796489487,-363.6082044994055,718.6058798845276,817.6247954375948,-557.402942847486,6100.848214285725,-7499.785714285713,-1862.5000000000005,-0.7617586912065438,-1.0,0.7342103425994191,1.500000000000001,-1.0,1.500000000000087,-1.0,-1.0375210576707374,0.0,-51.302242794973914,-1.0002685284640171,1045208.0431886102,1862.0000000000005,0.15450964496771954,-426.36757964894866,-0.7617586912065439,190506.5773369596,1232975.309578639,8,104,5.168916155419223,9.527896995708154,4.7097649186256785,1248.0,129.0,0.10336538461538461,-0.7415865384615383,1197.0,104.0,0.08688387635756056,-0.7827903091060987,2445.0,0.09529652351738241,2445.0,0.09529652351738241,2445.0,0.09529652351738241,2212.0,0.0,233.0,1.0,,,,,,,,,,,,,,
H1@H4,wick_touch,any,any,any,both,cascade_layered,zone,fixed_rr,3.0,1.5,none,20,same,any,until_broken,999,0,any,any,any,any,any,any,any,any,own,any,none,20,24,close,102673,21292,2414,2414,147,2267,0.060894780447390225,147,2267,-984755.1440213751,-407.93502237836583,-379.2817175511914,900.534901079144,1815.9053209623723,-552.1364032654802,12201.696428571358,-7499.785714285713,-1826.0,-0.7564208782104391,-1.0,0.9567470348431716,2.9999999999999996,-1.0,3.0,-1.0,-0.7906174261981699,0.0,-38.84499012568081,-0.9994526546250684,992248.7480580908,1827.0,0.21326158566125367,-407.9350223783657,-0.7564208782104391,266938.0821814687,1251693.2262028437,5,137,6.714167357083679,28.020408163265305,5.332598147331275,1233.0,84.0,0.0681265206812652,-0.7274939172749393,1181.0,63.0,0.05334462320067739,-0.7866215071972904,2414.0,0.060894780447390225,2414.0,0.060894780447390225,2414.0,0.060894780447390225,2267.0,0.0,147.0,1.0,,,,,,,,,,,,,,
H1@H4,wick_touch,any,any,any,both,cascade_layered,zone,fixed_rr,4.0,1.5,none,20,same,any,until_broken,999,0,any,any,any,any,any,any,any,any,own,any,none,20,24,close,102673,21292,2401,2401,123,2278,0.051228654727197,123,2278,-971273.8977483416,-404.52890368527346,-383.31343510240004,992.6841274578243,2376.526811764441,-554.6912623333485,16268.928571428478,-7499.785714285713,-1786.0,-0.743856726364015,-1.0,1.1025485413943366,4.0,-1.0,4.0,-1.0,-0.6746702738577819,0.0,-33.05884341903131,-1.0005602240896359,970967.1298912003,1785.0,0.23133576735650607,-404.52890368527346,-0.743856726364015,292312.79784702626,1263586.6955953678,4,137,7.9021241149521035,46.739837398373986,5.805092186128182,1223.0,77.0,0.06295993458708095,-0.6852003270645952,1178.0,46.0,0.03904923599320883,-0.8047538200339559,2401.0,0.051228654727197,2401.0,0.051228654727197,2401.0,0.051228654727197,2278.0,0.0,123.0,1.0,,,,,,,,,,,,,,
H1@D1,wick_touch,any,any,any,both,cascade_layered,zone,fixed_rr,2.0,1.5,none,20,same,any,until_broken,999,0,any,any,any,any,any,any,any,any,own,any,none,20,24,close,69416,7583,2329,2329,105,2224,0.0450837269214255,105,2224,-1062905.7768731115,-456.3786075024094,-393.2258095531779,552.7734833244423,1203.7582451609705,-534.757370780132,3609.6925447825924,-3298.339285714246,-2014.0,-0.8647488192357234,-1.0,0.6225970570009762,2.0,-1.0,2.0,-1.0,-1.3889381735936595,0.0,-67.02975908805725,-1.0004967709885744,1061490.9018731136,2013.0,0.10627644329956672,-456.3786075024094,-0.8647488192357236,126394.61574190191,1189300.3926150135,5,171,3.2889652211249465,24.523809523809526,2.2864208633093526,1257.0,53.0,0.042163882259347654,-0.8735083532219571,1072.0,52.0,0.048507462686567165,-0.8544776119402985,2329.0,0.0450837269214255,2329.0,0.0450837269214255,,,2224.0,0.0,105.0,1.0,,,,,,,2329.0,0.0450837269214255,,,,,,
H1@D1,wick_touch,any,any,any,both,cascade_layered,zone,fixed_rr,2.0,1.5,none,20,same,any,until_broken,999,0,any,any,any,any,any,any,any,any,htf,any,none,20,24,close,69416,7583,355,355,86,269,0.24225352112676057,85,269,-422690.2107142857,-1190.6766498993964,-1720.3571428571422,5701.433162350488,5663.564202657802,-3381.9952867764187,39781.60714285714,-20924.41071428575,-98.81964371502447,-0.2783651935634492,-1.0,1.2816882615626453,1.978841352150878,-1.0,2.0000000000000044,-1.0,-0.21718634859311575,0.0,-4.092104355389742,-0.874510121371898,490774.4821428571,113.0,0.5353810576167171,-1190.6766498993961,-0.27836519356344924,487066.52142857097,909756.7321428566,7,26,243.456338028169,373.5348837209302,201.86988847583643,173.0,49.0,0.2832369942196532,-0.16080718910418768,182.0,37.0,0.2032967032967033,-0.3901098901098901,355.0,0.24225352112676057,355.0,0.24225352112676057,,,269.0,0.0,85.0,1.0,1.0,1.0,,,,,355.0,0.24225352112676057,,,,,,
H1@D1,wick_touch,with_daily,any,any,both,cascade_layered,zone,fixed_rr,2.0,1.5,none,20,same,any,until_broken,999,0,any,any,any,any,any,any,any,any,own,any,none,20,24,close,69416,2438,576,576,21,555,0.036458333333333336,21,555,-261096.43607604853,-453.2924237431398,-412.7321428571463,509.05434520113903,1294.2859567297742,-519.4170111123852,3026.9285714286525,-2076.5357142857056,-513.0,-0.890625,-1.0,0.5627716735246534,2.0,-1.0,2.0,-1.0,-1.5825689918293022,0.0,-37.98165580390325,-1.001953125,260535.1860760487,512.0,0.09428451725454907,-453.29242374313986,-0.890625,27180.005091325256,288276.4411673738,3,334,3.2881944444444446,12.857142857142858,2.926126126126126,318.0,12.0,0.03773584905660377,-0.8867924528301887,258.0,9.0,0.03488372093023256,-0.8953488372093024,576.0,0.036458333333333336,576.0,0.036458333333333336,,,555.0,0.0,21.0,1.0,,,,,,,576.0,0.036458333333333336,,,,,,
H1@D1,wick_touch,against_daily,any,any,both,cascade_layered,zone,fixed_rr,2.0,1.5,none,20,same,any,until_broken,999,0,any,any,any,any,any,any,any,any,own,any,none,20,24,close,69416,2898,1186,1186,54,1132,0.045531197301854974,54,1132,-537851.8098619035,-453.5006828515207,-382.00892857144026,581.7157521940763,1212.9141048016772,-532.9939677749064,3609.6925447825924,-3298.339285714246,-1024.0,-0.863406408094435,-1.0,0.625662071682489,2.0,-1.0,2.0,-1.0,-1.3799884109526086,0.0,-47.52452487963575,-0.9990243902439024,540984.3952638282,1025.0,0.10855631324421207,-453.50068285152065,-0.8634064080944351,65497.361659290575,603349.171521194,4,110,3.6652613827993257,34.25925925925926,2.2058303886925796,629.0,31.0,0.0492845786963434,-0.8521462639109698,557.0,23.0,0.04129263913824058,-0.8761220825852782,1186.0,0.045531197301854974,1186.0,0.045531197301854974,,,1132.0,0.0,54.0,1.0,,,,,,,1186.0,0.045531197301854974,,,,,,
H1@D1,wick_touch,any,push,any,both,cascade_layered,zone,fixed_rr,2.0,1.5,none,20,same,any,until_broken,999,0,any,any,any,any,any,any,any,any,own,any,none,20,24,close,69416,142,33,33,1,32,0.030303030303030304,1,32,-24308.47870233224,-736.6205667373406,-612.1964285714284,655.2356217898582,844.1785714286198,-786.0205398050268,844.1785714286198,-2960.139245556047,-30.0,-0.9090909090909091,-1.0,0.5222329678670935,2.0,-1.0,2.0,-1.0,-1.7407765595569784,0.0,-10.0,-0.967741935483871,24530.246559475152,31.0,0.03356220228505491,-736.6205667373406,-0.9090909090909092,844.1785714286198,25152.65727376086,1,32,1.0909090909090908,1.0,1.09375,31.0,1.0,0.03225806451612903,-0.9032258064516129,2.0,0.0,0.0,-1.0,33.0,0.030303030303030304,33.0,0.030303030303030304,,,32.0,0.0,1.0,1.0,,,,,,,33.0,0.030303030303030304,,,,,,
H1@D1,wick_touch,any,any,any,both,cascade_layered,zone,zone,2.0,1.5,none,20,same,any,until_broken,999,0,any,any,any,any,any,any,any,any,htf,any,none,20,24,close,69416,7583,428,428,131,297,0.3060747663551402,131,297,-467119.5107142854,-1091.4007259679565,-1482.3214285714357,5042.469808867957,3931.2151581243184,-3306.763287638287,38178.07857142852,-20924.41071428575,-84.70571660034418,-0.19791055280454253,-1.0,1.3835106746823636,1.6205670488523343,-1.0,6.466990014265134,-1.0,-0.14304953075261256,0.0,-2.959431703955382,-0.7773774757269556,508566.05714285676,108.96343056651159,0.524370864026598,-1091.4007259679565,-0.1979105528045425,514989.1857142857,982108.6964285711,8,33,151.7429906542056,234.25954198473283,115.34680134680134,217.0,71.0,0.3271889400921659,-0.13063223807206065,211.0,60.0,0.2843601895734597,-0.26710199497017545,428.0,0.3060747663551402,428.0,0.3060747663551402,,,297.0,0.0,131.0,1.0,,,,,,,428.0,0.3060747663551402,,,,,,
H1@D1,wick_touch,any,any,any,both,cascade_layered,zone,fixed_rr,1.5,1.5,none,20,same,any,until_broken,999,0,any,any,any,any,any,any,any,any,own,any,none,20,24,close,69416,7583,2349,2349,132,2217,0.0561941251596424,132,2217,-1072787.43642671,-456.6996323655641,-392.33928571429715,518.8268903076365,865.8983593602474,-535.4470094101321,3070.4196428572686,-3298.339285714246,-2019.0,-0.8595146871008938,-1.0,0.5758631203384791,1.5000000000000029,-1.0,1.5000000000000822,-1.0,-1.4925676896893325,0.0,-72.33950695302943,-0.9997524139638524,1074442.9810695692,2019.5,0.09628500506544141,-456.6996323655641,-0.8595146871008938,114298.58343555265,1187086.0198622628,5,158,2.91017454235845,16.522727272727273,2.099684258006315,1260.0,67.0,0.05317460317460317,-0.8670634920634921,1089.0,65.0,0.05968778696051423,-0.8507805325987146,2349.0,0.0561941251596424,2349.0,0.0561941251596424,,,2217.0,0.0,132.0,1.0,,,,,,,2349.0,0.0561941251596424,,,,,,
H1@D1,wick_touch,any,any,any,both,cascade_layered,zone,fixed_rr,3.0,1.5,none,20,same,any,until_broken,999,0,any,any,any,any,any,any,any,any,own,any,none,20,24,close,69416,7583,2268,2268,78,2190,0.03439153439153439,78,2190,-1034836.4134527039,-456.27707824193294,-395.71428571427987,619.4279945946756,1846.3767862106347,-538.2894076607915,4620.85714285713,-3298.339285714246,-1956.0,-0.8624338624338624,-1.0,0.7290915500439923,3.0,-1.0,3.0,-1.0,-1.1828882976106698,0.0,-56.333308756435045,-1.0005115089514067,1033421.5384527053,1955.0,0.12216730266734908,-456.277078241933,-0.8624338624338624,144017.3893244295,1178853.8027771334,6,171,4.145502645502646,33.96153846153846,3.0835616438356164,1244.0,36.0,0.028938906752411574,-0.8842443729903537,1024.0,42.0,0.041015625,-0.8359375,2268.0,0.03439153439153439,2268.0,0.03439153439153439,,,2190.0,0.0,78.0,1.0,,,,,,,2268.0,0.03439153439153439,,,,,,
H1@D1,wick_touch,any,any,any,both,cascade_layered,zone,fixed_rr,4.0,1.5,none,20,same,any,until_broken,999,0,any,any,any,any,any,any,any,any,own,any,none,20,24,close,69416,7583,2247,2247,65,2182,0.02892745883400089,65,2182,-1011167.8759513367,-450.00795547456016,-398.03571428572013,691.4439667668682,2558.6118805487185,-539.6322860618714,6161.1428571428405,-3298.339285714246,-1922.0,-0.8553627058299955,-1.0,0.838199975128707,4.0,-1.0,4.0,-1.0,-1.0204756993683437,0.0,-48.373131563854166,-1.0005205622071838,1009753.000951338,1921.0,0.1412424027681024,-450.00795547456005,-0.8553627058299955,166309.7722356667,1177477.6481870033,6,239,4.975077881619938,62.184615384615384,3.270852428964253,1224.0,33.0,0.02696078431372549,-0.8651960784313726,1023.0,32.0,0.03128054740957967,-0.8435972629521017,2247.0,0.02892745883400089,2247.0,0.02892745883400089,,,2182.0,0.0,65.0,1.0,,,,,,,2247.0,0.02892745883400089,,,,,,
M15@H4,wick_touch,any,any,any,both,cascade_layered,zone,fixed_rr,2.0,1.5,none,20,same,any,until_broken,999,0,any,any,any,any,any,any,any,any,own,any,none,20,24,close,118270,14233,3370,3370,144,3226,0.042729970326409496,144,3226,-1184525.6434208686,-351.4912888489224,-282.51337395098517,478.7099898148543,852.9664080579712,-405.2550546129004,4236.428571428405,-5779.428571428525,-2938.0,-0.8718100890207715,-1.0,0.6068330508263676,2.0,-1.0,2.0,-1.0,-1.4366555806964796,0.0,-83.4003003467683,-1.0003404834865508,1184299.3041351563,2937.0,0.09395104533345253,-351.4912888489225,-0.8718100890207715,122827.16276034786,1307352.8061812166,4,198,1.0486646884272997,5.449652777777778,0.8522163670179789,1797.0,81.0,0.045075125208681135,-0.8647746243739566,1573.0,63.0,0.040050858232676415,-0.8798474253019708,3370.0,0.042729970326409496,3370.0,0.042729970326409496,3370.0,0.042729970326409496,3226.0,0.0,144.0,1.0,,,,,,,,,,,,,,
M15@H4,wick_touch,any,any,any,both,cascade_layered,zone,fixed_rr,2.0,1.5,none,20,same,any,until_broken,999,0,any,any,any,any,any,any,any,any,htf,any,none,20,24,close,118270,14233,846,846,156,690,0.18439716312056736,155,690,-771483.3392857142,-911.9188407632555,-1199.8214285714198,3545.6273743222646,3701.8459249084326,-1955.0308747412023,23614.642857142826,-33913.767857142826,-379.6140530347209,-0.44871637474553294,-1.0,1.1614161491280361,1.9896535061876865,-1.0,2.000000000000007,-1.0,-0.3863527944590908,0.0,-11.237487957335073,-0.9963623439231519,808410.4642857139,381.0,0.42809506974448164,-911.9188407632554,-0.44871637474553294,577487.9642857155,1348971.3035714296,10,69,28.68646572104019,56.59775641025641,22.37608695652174,458.0,100.0,0.2183406113537118,-0.3485022992024473,388.0,56.0,0.14432989690721648,-0.5670103092783505,846.0,0.18439716312056736,846.0,0.18439716312056736,846.0,0.18439716312056736,690.0,0.0,155.0,1.0,1.0,1.0,,,,,,,,,,,,
M15@H4,wick_touch,with_daily,any,any,both,cascade_layered,zone,fixed_rr,2.0,1.5,none,20,same,any,until_broken,999,0,any,any,any,any,any,any,any,any,own,any,none,20,24,close,118270,4170,819,819,44,775,0.05372405372405373,44,775,-221402.0050289803,-270.3321184725034,-267.5714285714321,389.9436036793059,863.5630132577045,-334.7081001449281,2705.8928571428623,-3419.1428571428332,-687.0,-0.8388278388278388,-1.0,0.6768303759841598,2.0,-1.0,2.0,-1.0,-1.2393472110469674,0.0,-35.46785666353389,-0.998546511627907,223838.14788612322,688.0,0.14648015280984297,-270.33211847250334,-0.8388278388278387,37996.772583339,259398.77761231927,3,175,1.0793650793650793,4.630681818181818,0.8777419354838709,392.0,24.0,0.061224489795918366,-0.8163265306122449,427.0,20.0,0.0468384074941452,-0.8594847775175644,819.0,0.05372405372405373,819.0,0.05372405372405373,819.0,0.05372405372405373,775.0,0.0,44.0,1.0,,,,,,,,,,,,,,
M15@H4,wick_touch,against_daily,any,any,both,cascade_layered,zone,fixed_rr,2.0,1.5,none,20,same,any,until_broken,999,0,any,any,any,any,any,any,any,any,own,any,none,20,24,close,118270,6099,1589,1589,57,1532,0.03587161736941473,57,1532,-645680.8907239124,-406.34417289107137,-296.0962144680025,528.9119563977853,878.6707613526247,-454.15478075784074,4236.428571428405,-5779.428571428525,-1418.0,-0.8923851478917558,-1.0,0.558085665246911,2.0,-1.0,2.0,-1.0,-1.5990110541487255,0.0,-63.74019895010935,-1.0007057163020465,645346.4793327802,1417.0,0.0719843976950886,-406.34417289107137,-0.8923851478917558,50084.23339709961,695765.124121012,4,146,1.039490245437382,4.62719298245614,0.9060052219321149,859.0,28.0,0.03259604190919674,-0.9022118742724098,730.0,29.0,0.03972602739726028,-0.8808219178082192,1589.0,0.03587161736941473,1589.0,0.03587161736941473,1589.0,0.03587161736941473,1532.0,0.0,57.0,1.0,,,,,,,,,,,,,,
M15@H4,wick_touch,any,push,any,both,cascade_layered,zone,fixed_rr,2.0,1.5,none,20,same,any,until_broken,999,0,any,any,any,any,any,any,any,any,own,any,none,20,24,close,118270,619,275,275,5,270,0.01818181818181818,5,270,-146276.81760307332,-531.9157003748121,-379.5000000000073,484.06812343666473,773.5571428571257,-556.0911233976257,1526.4285714285506,-4181.767857142859,-260.0,-0.9454545454545454,-1.0,0.40155636168846215,2.0,-1.0,2.0,-1.0,-2.3544753256531736,0.0,-39.044556166707096,-1.0038610038610039,146050.47831735903,259.0,0.025760404495593716,-531.915700374812,-0.9454545454545454,3867.7857142856283,150144.60331735894,2,97,1.0809090909090908,9.0,0.9342592592592592,225.0,3.0,0.013333333333333334,-0.96,50.0,2.0,0.04,-0.88,275.0,0.01818181818181818,275.0,0.01818181818181818,275.0,0.01818181818181818,270.0,0.0,5.0,1.0,,,,,,,,,,,,,,
M15@H4,wick_touch,any,any,any,both,cascade_layered,zone,zone,2.0,1.5,none,20,same,any,until_broken,999,0,any,any,any,any,any,any,any,any,htf,any,none,20,24,close,118270,14233,860,860,184,676,0.21395348837209302,184,676,-928663.6500000011,-1079.8414534883734,-1103.3571428571577,3109.937450639381,2125.551397515529,-1952.3152472527493,18066.871428571358,-33913.767857142826,-450.8278971019487,-0.5242184850022659,-1.0,1.0442398876083157,1.2237614287937573,-1.0,4.601592036905005,-1.0,-0.5020096351643054,0.0,-14.721812370292835,-0.9988254526070467,945920.057142858,451.3580385093684,0.2963417164358494,-1079.8414534883734,-0.5242184850022659,391101.4571428573,1319765.1071428584,6,63,26.511918604651164,44.78260869565217,21.538831360946745,451.0,111.0,0.24611973392461198,-0.44790390706088645,409.0,73.0,0.1784841075794621,-0.6083697677689214,860.0,0.21395348837209302,860.0,0.21395348837209302,860.0,0.21395348837209302,676.0,0.0,184.0,1.0,,,,,,,,,,,,,,
M15@H4,wick_touch,any,any,any,both,cascade_layered,zone,fixed_rr,1.5,1.5,none,20,same,any,until_broken,999,0,any,any,any,any,any,any,any,any,own,any,none,20,24,close,118270,14233,3387,3387,163,3224,0.04812518452908179,163,3224,-1206624.5187663806,-356.2517032082612,-281.5550465705428,456.48314372098196,634.6657527949519,-406.3508177642549,3177.321428571304,-5779.428571428525,-2979.5000000000005,-0.8796870386772956,-1.0,0.535155819192332,1.5000000000000007,-1.0,1.5000000000001195,-1.0,-1.6437960816812887,0.0,-95.6655426235414,-1.0003357394661743,1206398.1794806686,2978.5000000000005,0.07896533772918092,-356.2517032082612,-0.8796870386772955,103450.51770557716,1310075.0364719578,4,154,0.9874520224387363,4.401840490797546,0.8148263027295285,1806.0,94.0,0.05204872646733112,-0.869878183831672,1581.0,69.0,0.04364326375711575,-0.8908918406072105,3387.0,0.04812518452908179,3387.0,0.04812518452908179,3387.0,0.04812518452908179,3224.0,0.0,163.0,1.0,,,,,,,,,,,,,,
M15@H4,wick_touch,any,any,any,both,cascade_layered,zone,fixed_rr,3.0,1.5,none,20,same,any,until_broken,999,0,any,any,any,any,any,any,any,any,own,any,none,20,24,close,118270,14233,3352,3352,113,3239,0.03371121718377088,113,3239,-1165778.5710849285,-347.78596989407174,-285.1160714285925,521.5309059581739,1297.0277957879784,-405.16909910743124,6354.642857142608,-5779.428571428525,-2900.0,-0.8651551312649165,-1.0,0.722047000467309,3.0,-1.0,3.0,-1.0,-1.1981978052744322,0.0,-69.37141047183695,-1.0003449465332874,1165552.231799216,2899.0,0.11168130061062875,-347.7859698940716,-0.8651551312649164,146564.14092404157,1312342.7120089699,3,265,1.2029385441527447,9.396017699115044,0.9171040444581661,1785.0,65.0,0.036414565826330535,-0.8543417366946778,1567.0,48.0,0.03063178047223995,-0.8774728781110402,3352.0,0.03371121718377088,3352.0,0.03371121718377088,3352.0,0.03371121718377088,3239.0,0.0,113.0,1.0,,,,,,,,,,,,,,
M15@H4,wick_touch,any,any,any,both,cascade_layered,zone,fixed_rr,4.0,1.5,none,20,same,any,until_broken,999,0,any,any,any,any,any,any,any,any,own,any,none,20,24,close,118270,14233,3329,3329,97,3232,0.029137879243015922,97,3232,-1140376.1726065911,-342.55817741261376,-285.8214285714439,554.7587905796339,1695.0276259738314,-403.71096916028864,5411.785714285725,-5779.428571428525,-2844.0,-0.8543106037849204,-1.0,0.8410910101710342,4.0,-1.0,4.0,-1.0,-1.015717197608851,0.0,-58.60432975088683,-1.0003517411185368,1142152.633721457,2843.0,0.12601046473843713,-342.55817741261376,-0.8543106037849204,164417.67971946165,1304793.852326053,3,265,1.378792430159207,13.79639175257732,1.0061107673267327,1777.0,56.0,0.031513787281935844,-0.8424310635903207,1552.0,41.0,0.026417525773195876,-0.8679123711340206,3329.0,0.029137879243015922,3329.0,0.029137879243015922,3329.0,0.029137879243015922,3232.0,0.0,97.0,1.0,,,,,,,,,,,,,,
M5@H1,wick_touch,any,any,any,both,cascade_layered,zone,fixed_rr,2.0,1.5,none,20,same,any,until_broken,999,0,any,any,any,any,any,any,any,any,own,any,none,20,24,close,156071,20369,4385,4385,175,4210,0.039908779931584946,175,4210,-1775902.8127573372,-404.9949401955159,-306.2002649049191,565.5944683870758,964.5574312142048,-461.92407677430475,7597.500000000036,-4813.767857142921,-3860.0,-0.8802736602052451,-1.0,0.5873016965387067,2.0,-1.0,2.0,-1.0,-1.4988440615669665,0.0,-99.25245331538484,-0.9987063389391979,1787813.4043690353,3865.0,0.08679874476035436,-404.99494019551594,-0.8802736602052452,168797.55046248584,1944700.363219823,6,197,0.28779931584948687,1.7995238095238095,0.22496041171813141,2060.0,82.0,0.039805825242718446,-0.8805825242718447,2325.0,93.0,0.04,-0.88,4385.0,0.039908779931584946,4385.0,0.039908779931584946,,,4210.0,0.0,175.0,1.0,,,4385.0,0.039908779931584946,,,,,,,,,,
M5@H1,wick_touch,any,any,any,both,cascade_layered,zone,fixed_rr,2.0,1.5,none,20,same,any,until_broken,999,0,any,any,any,any,any,any,any,any,htf,any,none,20,24,close,156071,20369,938,938,182,756,0.19402985074626866,182,756,-777874.1071428575,-829.2900929028332,-983.7678571428569,3209.489378879484,3442.985871271583,-1857.8009731670445,24517.39285714284,-21508.750000000055,-392.0,-0.417910447761194,-1.0,1.1869888292506638,2.0,-1.0,2.0,-1.0,-0.3520761421360784,0.0,-10.78296054198548,-0.98,814733.607142857,400.0,0.44615487933394354,-829.2900929028331,-0.417910447761194,626623.4285714282,1404497.5357142857,7,55,12.318941009239516,22.824175824175825,9.789902998236332,478.0,105.0,0.2196652719665272,-0.3410041841004184,460.0,77.0,0.1673913043478261,-0.49782608695652175,938.0,0.19402985074626866,938.0,0.19402985074626866,,,756.0,0.0,182.0,1.0,,,938.0,0.19402985074626866,,,,,,,,,,
M5@H1,wick_touch,with_daily,any,any,both,cascade_layered,zone,fixed_rr,2.0,1.5,none,20,same,any,until_broken,999,0,any,any,any,any,any,any,any,any,own,any,none,20,24,close,156071,7588,1474,1474,58,1416,0.03934871099050204,58,1416,-635939.2890691191,-431.4377809152776,-313.71833304422125,547.4671324081365,778.6122360502069,-481.0019765254457,3053.6767785326447,-4813.767857142921,-1300.0,-0.8819538670284939,-1.0,0.583467624652493,2.0,-1.0,2.0,-1.0,-1.5115729301240597,0.0,-58.03337758415904,-1.0007698229407236,635856.3935830113,1299.0,0.06630390447483797,-431.4377809152775,-0.8819538670284939,45159.509690912,681098.7987600311,3,124,0.3941655359565807,1.6954022988505746,0.3408662900188324,781.0,27.0,0.034571062740076826,-0.8962868117797695,693.0,31.0,0.044733044733044736,-0.8658008658008658,1474.0,0.03934871099050204,1474.0,0.03934871099050204,,,1416.0,0.0,58.0,1.0,,,1474.0,0.03934871099050204,,,,,,,,,,
M5@H1,wick_touch,against_daily,any,any,both,cascade_layered,zone,fixed_rr,2.0,1.5,none,20,same,any,until_broken,999,0,any,any,any,any,any,any,any,any,own,any,none,20,24,close,156071,7654,1829,1829,91,1738,0.04975396391470749,91,1738,-664071.6485407564,-363.0790861349133,-270.1250000000073,618.2892357277906,1066.6770254662688,-437.9397340956196,7597.500000000036,-4664.862673823336,-1556.0,-0.8507381082558775,-1.0,0.6524870378391133,2.0,-1.0,2.0,-1.0,-1.3038390939892477,0.0,-55.76103823041578,-0.9967969250480462,675965.793723887,1561.0,0.12752936905471746,-363.07908613491327,-0.8507381082558775,97067.60931743047,761139.2578581868,6,158,0.23551120831055222,1.4468864468864469,0.17208477176831607,727.0,39.0,0.05364511691884457,-0.8390646492434664,1102.0,52.0,0.047186932849364795,-0.8584392014519057,1829.0,0.04975396391470749,1829.0,0.04975396391470749,,,1738.0,0.0,91.0,1.0,,,1829.0,0.04975396391470749,,,,,,,,,,
M5@H1,wick_touch,any,push,any,both,cascade_layered,zone,fixed_rr,2.0,1.5,none,20,same,any,until_broken,999,0,any,any,any,any,any,any,any,any,own,any,none,20,24,close,156071,580,148,148,6,142,0.04054054054054054,6,142,-68803.07373615252,-464.88563335238194,-369.77696345913955,522.4473321733528,1010.3244346519508,-527.2184531272127,3053.6767785326447,-1828.8928571429096,-130.0,-0.8783783783783784,-1.0,0.5936787812543398,2.0,-1.0,2.0,-1.0,-1.4795515792606195,0.0,-17.999521815940106,-1.0077519379844961,68595.9665932954,129.0,0.08097168183555213,-464.8856333523817,-0.8783783783783783,6061.946607911705,74865.0203440642,2,62,0.2697072072072072,1.152777777777778,0.2323943661971831,148.0,6.0,0.04054054054054054,-0.8783783783783784,0.0,0.0,0.0,0.0,148.0,0.04054054054054054,148.0,0.04054054054054054,,,142.0,0.0,6.0,1.0,,,148.0,0.04054054054054054,,,,,,,,,,
M5@H1,wick_touch,any,any,any,both,cascade_layered,zone,zone,2.0,1.5,none,20,same,any,until_broken,999,0,any,any,any,any,any,any,any,any,htf,any,none,20,24,close,156071,20369,1060,1060,282,778,0.2660377358490566,282,778,-970271.7928571431,-915.3507479784369,-889.3749999999955,2779.5379104167914,1883.5745694022296,-1929.8712357693726,12170.921428571455,-21508.750000000055,-440.7153253293534,-0.41576917483901243,-1.0,1.0954784848729364,1.1960449456405917,-1.0,5.875161440649766,-1.0,-0.3795320315097171,0.0,-12.356667702839891,-1.0022741986517094,977733.3357142853,439.7153253293534,0.3537724396213492,-915.3507479784367,-0.4157691748390123,531168.0285714287,1501439.8214285718,13,40,8.811477987421384,12.22340425531915,7.574764353041989,555.0,168.0,0.3027027027027027,-0.3668043516791828,505.0,114.0,0.22574257425742575,-0.4695820002918942,1060.0,0.2660377358490566,1060.0,0.2660377358490566,,,778.0,0.0,282.0,1.0,,,1060.0,0.2660377358490566,,,,,,,,,,
M5@H1,wick_touch,any,any,any,both,cascade_layered,zone,fixed_rr,1.5,1.5,none,20,same,any,until_broken,999,0,any,any,any,any,any,any,any,any,own,any,none,20,24,close,156071,20369,4404,4404,216,4188,0.04904632152588556,216,4188,-1781164.1874297454,-404.44236771792583,-300.93750000003183,537.5322691652264,704.4932787214476,-461.6367563594981,5698.125000000073,-4813.767857142921,-3863.999999999999,-0.8773841961852861,-1.0,0.5399732217054799,1.5000000000000016,-1.0,1.5000000000001774,-1.0,-1.624866124683201,0.0,-107.83040583027491,-0.999482669425763,1789129.872209947,3865.999999999999,0.07870884715365364,-404.44236771792583,-0.877384196185286,152170.54820383267,1933334.7356335782,6,176,0.240236148955495,1.2511574074074074,0.1880969436485196,2067.0,95.0,0.045960328979196906,-0.8850991775520078,2337.0,121.0,0.051775780915703895,-0.8705605477107402,4404.0,0.04904632152588556,4404.0,0.04904632152588556,,,4188.0,0.0,216.0,1.0,,,4404.0,0.04904632152588556,,,,,,,,,,
M5@H1,wick_touch,any,any,any,both,cascade_layered,zone,fixed_rr,3.0,1.5,none,20,same,any,until_broken,999,0,any,any,any,any,any,any,any,any,own,any,none,20,24,close,156071,20369,4344,4344,126,4218,0.029005524861878452,126,4218,-1784440.3917196817,-410.7827789409949,-309.35284562224297,582.283754966234,1364.2432118444326,-463.8063149388526,5886.7792920033025,-4813.767857142921,-3840.0,-0.8839779005524862,-1.0,0.671365049488714,3.0,-1.0,3.000000000000074,-1.0,-1.3166873986450292,0.0,-86.7815869051763,-0.9971435990651779,1804339.80919577,3851.0,0.08786564749545835,-410.7827789409949,-0.8839779005524862,171894.64469239852,1956335.0364120803,6,222,0.4619973910374463,6.310846560846561,0.28728070175438597,2045.0,57.0,0.02787286063569682,-0.8885085574572127,2299.0,69.0,0.03001304915180513,-0.8799478033927794,4344.0,0.029005524861878452,4344.0,0.029005524861878452,,,4218.0,0.0,126.0,1.0,,,4344.0,0.029005524861878452,,,,,,,,,,
M5@H1,wick_touch,any,any,any,both,cascade_layered,zone,fixed_rr,4.0,1.5,none,20,same,any,until_broken,999,0,any,any,any,any,any,any,any,any,own,any,none,20,24,close,156071,20369,4313,4313,92,4221,0.021330860190122883,92,4221,-1785503.4734650296,-413.9817930593623,-311.40962042882165,613.782681720775,1884.2914953946474,-464.07445890578936,7849.039056004403,-4813.767857142921,-3853.0,-0.8933456990493855,-1.0,0.7225077150602581,4.000000000000001,-1.0,4.000000000000075,-1.0,-1.2364514321828097,0.0,-81.2020121530598,-0.9956072351421189,1813193.692402715,3870.0,0.08849788592116659,-413.9817930593622,-0.8933456990493855,173354.81757630757,1958858.291041337,6,268,0.5231277533039648,8.94836956521739,0.3394930111348022,2026.0,41.0,0.020236920039486673,-0.8988153998025666,2287.0,51.0,0.02229995627459554,-0.8885002186270223,4313.0,0.021330860190122883,4313.0,0.021330860190122883,,,4221.0,0.0,92.0,1.0,,,4313.0,0.021330860190122883,,,,,,,,,,
H1@H4,wick_touch,against_daily,continuation,any,both,cascade_layered,zone,fixed_rr,2.0,1.5,none,20,same,any,until_broken,999,0,any,any,any,any,any,any,any,any,own,any,none,20,24,close,102673,5993,696,696,64,632,0.09195402298850575,64,632,-241023.8677187128,-346.298660515392,-324.84821428570285,701.9251029137445,1019.4563106465114,-484.6029613925468,8134.464285714239,-6001.287971143483,-503.9999999999999,-0.7241379310344825,-1.0,0.8675065423912037,2.0000000000000018,-1.0,2.000000000000097,-1.0,-0.8347348355880538,0.0,-22.02181743267285,-0.998019801980198,243655.3995492097,504.9999999999999,0.21303229719052588,-346.29866051539204,-0.7241379310344827,65245.20388137673,306269.07160008955,4,56,3.6795977011494254,7.59375,3.2832278481012658,327.0,38.0,0.1162079510703364,-0.6513761467889906,369.0,26.0,0.07046070460704607,-0.7886178861788617,696.0,0.09195402298850575,696.0,0.09195402298850575,696.0,0.09195402298850575,632.0,0.0,64.0,1.0,,,,,,,,,,,,,,
H1@D1,wick_touch,with_daily,push,any,both,cascade_layered,zone,fixed_rr,2.0,1.5,none,20,same,any,until_broken,999,0,any,any,any,any,any,any,any,any,htf,any,none,20,24,close,69416,12,0,0,0,0,0.0,0,0,0.0,0.0,0.0,0.0,0.0,0.0,0.0,0.0,0.0,0.0,0.0,0.0,0.0,0.0,0.0,0.0,0.0,0.0,0.0,0.0,0.0,0.0,0.0,0.0,0.0,0.0,0.0,0,0,0.0,0.0,0.0,,,,,,,,,,,,,,,,,,,,,,,,,,,,,,,,
M5@H1,wick_touch,any,any,any,both,market,zone,fixed_rr,2.0,1.5,none,20,same,any,until_broken,999,0,any,any,any,any,any,any,any,any,own,with_hma_h1,none,20,12,close,156071,5807,443,443,172,271,0.38826185101580135,172,271,180314.47857142854,407.03042566913894,-639.1142857142768,4349.3205558341215,3858.660049833888,-1783.6717712177126,44411.685714285704,-16010.39285714287,73.0,0.16478555304740405,-1.0,1.4637170301688087,2.0,-1.0,2.0,-1.0,0.11258019798293904,0.0,2.3695390550062356,3.8421052631578947,79539.8535714283,19.0,1.3730322418822167,407.03042566913905,0.16478555304740405,663689.5285714287,483375.0500000001,7,11,21.240594431903688,23.41327519379845,19.861623616236162,225.0,95.0,0.4222222222222222,0.26666666666666666,218.0,77.0,0.3532110091743119,0.05963302752293578,443.0,0.38826185101580135,443.0,0.38826185101580135,,,271.0,0.0,172.0,1.0,,,443.0,0.38826185101580135,,,,,,,,,,
M5@H1,wick_touch,any,any,any,both,market,zone,fixed_rr,2.0,1.5,none,20,same,any,until_broken,999,0,any,any,any,any,any,any,any,any,own,with_hma_h1,none,20,12,ha_close,156071,5807,443,443,172,271,0.38826185101580135,172,271,180314.47857142854,407.03042566913894,-639.1142857142768,4349.3205558341215,3858.660049833888,-1783.6717712177126,44411.685714285704,-16010.39285714287,73.0,0.16478555304740405,-1.0,1.4637170301688087,2.0,-1.0,2.0,-1.0,0.11258019798293904,0.0,2.3695390550062356,3.8421052631578947,79539.8535714283,19.0,1.3730322418822167,407.03042566913905,0.16478555304740405,663689.5285714287,483375.0500000001,7,11,21.240594431903688,23.41327519379845,19.861623616236162,225.0,95.0,0.4222222222222222,0.26666666666666666,218.0,77.0,0.3532110091743119,0.05963302752293578,443.0,0.38826185101580135,443.0,0.38826185101580135,,,271.0,0.0,172.0,1.0,,,443.0,0.38826185101580135,,,,,,,,,,
M5@H1,wick_touch,any,any,any,both,market,zone,fixed_rr,2.0,1.5,none,20,same,any,until_broken,999,0,any,any,any,any,any,any,any,any,own,with_hma_h1,none,20,24,close,156071,5807,443,443,172,271,0.38826185101580135,172,271,180314.47857142854,407.03042566913894,-639.1142857142768,4349.3205558341215,3858.660049833888,-1783.6717712177126,44411.685714285704,-16010.39285714287,73.0,0.16478555304740405,-1.0,1.4637170301688087,2.0,-1.0,2.0,-1.0,0.11258019798293904,0.0,2.3695390550062356,3.8421052631578947,79539.8535714283,19.0,1.3730322418822167,407.03042566913905,0.16478555304740405,663689.5285714287,483375.0500000001,7,11,21.240594431903688,23.41327519379845,19.861623616236162,225.0,95.0,0.4222222222222222,0.26666666666666666,218.0,77.0,0.3532110091743119,0.05963302752293578,443.0,0.38826185101580135,443.0,0.38826185101580135,,,271.0,0.0,172.0,1.0,,,443.0,0.38826185101580135,,,,,,,,,,
M5@H1,wick_touch,any,any,any,both,market,zone,fixed_rr,2.0,1.5,none,20,same,any,until_broken,999,0,any,any,any,any,any,any,any,any,own,with_hma_h1,none,20,24,ha_close,156071,5807,443,443,172,271,0.38826185101580135,172,271,180314.47857142854,407.03042566913894,-639.1142857142768,4349.3205558341215,3858.660049833888,-1783.6717712177126,44411.685714285704,-16010.39285714287,73.0,0.16478555304740405,-1.0,1.4637170301688087,2.0,-1.0,2.0,-1.0,0.11258019798293904,0.0,2.3695390550062356,3.8421052631578947,79539.8535714283,19.0,1.3730322418822167,407.03042566913905,0.16478555304740405,663689.5285714287,483375.0500000001,7,11,21.240594431903688,23.41327519379845,19.861623616236162,225.0,95.0,0.4222222222222222,0.26666666666666666,218.0,77.0,0.3532110091743119,0.05963302752293578,443.0,0.38826185101580135,443.0,0.38826185101580135,,,271.0,0.0,172.0,1.0,,,443.0,0.38826185101580135,,,,,,,,,,
M5@H1,wick_touch,any,any,any,both,market,zone,fixed_rr,2.0,1.5,none,20,same,any,until_broken,999,0,any,any,any,any,any,any,any,any,own,with_hma_h4,none,20,12,close,156071,6252,564,564,208,356,0.36879432624113473,208,356,15048.92857142886,26.682497467072448,-648.169642857124,3310.635908210598,3032.7113667582407,-1729.6489767255202,24470.621428571576,-15879.192857142789,60.0,0.10638297872340427,-1.0,1.4487190527908969,2.0,-1.0,2.0000000000000075,-1.0,0.07343244262471864,0.0,1.7439238880253871,3.0,96901.8214285712,20.0,1.0244397978068858,26.682497467072153,0.10638297872340419,630803.9642857141,615755.0357142852,5,13,14.37958037825059,14.23036858974359,14.466760299625468,324.0,129.0,0.39814814814814814,0.19444444444444445,240.0,79.0,0.32916666666666666,-0.0125,564.0,0.36879432624113473,564.0,0.36879432624113473,,,356.0,0.0,208.0,1.0,,,564.0,0.36879432624113473,,,,,,,,,,
M5@H1,wick_touch,any,any,any,both,market,zone,fixed_rr,2.0,1.5,none,20,same,any,until_broken,999,0,any,any,any,any,any,any,any,any,own,with_hma_h4,none,20,12,ha_close,156071,6252,564,564,208,356,0.36879432624113473,208,356,15048.92857142886,26.682497467072448,-648.169642857124,3310.635908210598,3032.7113667582407,-1729.6489767255202,24470.621428571576,-15879.192857142789,60.0,0.10638297872340427,-1.0,1.4487190527908969,2.0,-1.0,2.0000000000000075,-1.0,0.07343244262471864,0.0,1.7439238880253871,3.0,96901.8214285712,20.0,1.0244397978068858,26.682497467072153,0.10638297872340419,630803.9642857141,615755.0357142852,5,13,14.37958037825059,14.23036858974359,14.466760299625468,324.0,129.0,0.39814814814814814,0.19444444444444445,240.0,79.0,0.32916666666666666,-0.0125,564.0,0.36879432624113473,564.0,0.36879432624113473,,,356.0,0.0,208.0,1.0,,,564.0,0.36879432624113473,,,,,,,,,,
M5@H1,wick_touch,any,any,any,both,market,zone,fixed_rr,2.0,1.5,none,20,same,any,until_broken,999,0,any,any,any,any,any,any,any,any,own,with_hma_h4,none,20,24,close,156071,6252,564,564,208,356,0.36879432624113473,208,356,15048.92857142886,26.682497467072448,-648.169642857124,3310.635908210598,3032.7113667582407,-1729.6489767255202,24470.621428571576,-15879.192857142789,60.0,0.10638297872340427,-1.0,1.4487190527908969,2.0,-1.0,2.0000000000000075,-1.0,0.07343244262471864,0.0,1.7439238880253871,3.0,96901.8214285712,20.0,1.0244397978068858,26.682497467072153,0.10638297872340419,630803.9642857141,615755.0357142852,5,13,14.37958037825059,14.23036858974359,14.466760299625468,324.0,129.0,0.39814814814814814,0.19444444444444445,240.0,79.0,0.32916666666666666,-0.0125,564.0,0.36879432624113473,564.0,0.36879432624113473,,,356.0,0.0,208.0,1.0,,,564.0,0.36879432624113473,,,,,,,,,,
M5@H1,wick_touch,any,any,any,both,market,zone,fixed_rr,2.0,1.5,none,20,same,any,until_broken,999,0,any,any,any,any,any,any,any,any,own,with_hma_h4,none,20,24,ha_close,156071,6252,564,564,208,356,0.36879432624113473,208,356,15048.92857142886,26.682497467072448,-648.169642857124,3310.635908210598,3032.7113667582407,-1729.6489767255202,24470.621428571576,-15879.192857142789,60.0,0.10638297872340427,-1.0,1.4487190527908969,2.0,-1.0,2.0000000000000075,-1.0,0.07343244262471864,0.0,1.7439238880253871,3.0,96901.8214285712,20.0,1.0244397978068858,26.682497467072153,0.10638297872340419,630803.9642857141,615755.0357142852,5,13,14.37958037825059,14.23036858974359,14.466760299625468,324.0,129.0,0.39814814814814814,0.19444444444444445,240.0,79.0,0.32916666666666666,-0.0125,564.0,0.36879432624113473,564.0,0.36879432624113473,,,356.0,0.0,208.0,1.0,,,564.0,0.36879432624113473,,,,,,,,,,
M15@H1,wick_touch,any,any,any,both,market,zone,fixed_rr,2.0,1.5,none,20,same,any,until_broken,999,0,any,any,any,any,any,any,any,any,own,with_hma_h1,none,20,12,close,173461,10541,966,966,355,611,0.36749482401656314,355,611,36543.96785714284,37.830194469091964,-477.0482142857077,2842.58271509775,2422.917947686118,-1347.9409223754976,24816.2928571428,-21621.392857142928,99.0,0.10248447204968944,-1.0,1.447117570004823,2.0,-1.0,2.0,-1.0,0.07081972755630897,0.0,2.2011154130510135,4.125,132972.93571428553,24.0,1.0443714510774975,37.83019446909202,0.10248447204968947,860135.8714285719,823591.9035714291,6,11,27.357919254658384,30.030281690140846,25.805237315875615,500.0,193.0,0.386,0.158,466.0,162.0,0.34763948497854075,0.04291845493562232,966.0,0.36749482401656314,966.0,0.36749482401656314,,,611.0,0.0,355.0,1.0,,,966.0,0.36749482401656314,,,,,,,,,,
M15@H1,wick_touch,any,any,any,both,market,zone,fixed_rr,2.0,1.5,none,20,same,any,until_broken,999,0,any,any,any,any,any,any,any,any,own,with_hma_h1,none,20,12,ha_close,173461,10541,966,966,355,611,0.36749482401656314,355,611,36543.96785714284,37.830194469091964,-477.0482142857077,2842.58271509775,2422.917947686118,-1347.9409223754976,24816.2928571428,-21621.392857142928,99.0,0.10248447204968944,-1.0,1.447117570004823,2.0,-1.0,2.0,-1.0,0.07081972755630897,0.0,2.2011154130510135,4.125,132972.93571428553,24.0,1.0443714510774975,37.83019446909202,0.10248447204968947,860135.8714285719,823591.9035714291,6,11,27.357919254658384,30.030281690140846,25.805237315875615,500.0,193.0,0.386,0.158,466.0,162.0,0.34763948497854075,0.04291845493562232,966.0,0.36749482401656314,966.0,0.36749482401656314,,,611.0,0.0,355.0,1.0,,,966.0,0.36749482401656314,,,,,,,,,,
M15@H1,wick_touch,any,any,any,both,market,zone,fixed_rr,2.0,1.5,none,20,same,any,until_broken,999,0,any,any,any,any,any,any,any,any,own,with_hma_h1,none,20,24,close,173461,10541,966,966,355,611,0.36749482401656314,355,611,36543.96785714284,37.830194469091964,-477.0482142857077,2842.58271509775,2422.917947686118,-1347.9409223754976,24816.2928571428,-21621.392857142928,99.0,0.10248447204968944,-1.0,1.447117570004823,2.0,-1.0,2.0,-1.0,0.07081972755630897,0.0,2.2011154130510135,4.125,132972.93571428553,24.0,1.0443714510774975,37.83019446909202,0.10248447204968947,860135.8714285719,823591.9035714291,6,11,27.357919254658384,30.030281690140846,25.805237315875615,500.0,193.0,0.386,0.158,466.0,162.0,0.34763948497854075,0.04291845493562232,966.0,0.36749482401656314,966.0,0.36749482401656314,,,611.0,0.0,355.0,1.0,,,966.0,0.36749482401656314,,,,,,,,,,
M15@H1,wick_touch,any,any,any,both,market,zone,fixed_rr,2.0,1.5,none,20,same,any,until_broken,999,0,any,any,any,any,any,any,any,any,own,with_hma_h1,none,20,24,ha_close,173461,10541,966,966,355,611,0.36749482401656314,355,611,36543.96785714284,37.830194469091964,-477.0482142857077,2842.58271509775,2422.917947686118,-1347.9409223754976,24816.2928571428,-21621.392857142928,99.0,0.10248447204968944,-1.0,1.447117570004823,2.0,-1.0,2.0,-1.0,0.07081972755630897,0.0,2.2011154130510135,4.125,132972.93571428553,24.0,1.0443714510774975,37.83019446909202,0.10248447204968947,860135.8714285719,823591.9035714291,6,11,27.357919254658384,30.030281690140846,25.805237315875615,500.0,193.0,0.386,0.158,466.0,162.0,0.34763948497854075,0.04291845493562232,966.0,0.36749482401656314,966.0,0.36749482401656314,,,611.0,0.0,355.0,1.0,,,966.0,0.36749482401656314,,,,,,,,,,
M15@H1,wick_touch,any,any,any,both,market,zone,fixed_rr,2.0,1.5,none,20,same,any,until_broken,999,0,any,any,any,any,any,any,any,any,own,with_hma_h4,none,20,12,close,173461,9884,1232,1232,464,768,0.37662337662337664,464,768,45252.8249999986,36.731189123375486,-419.5053571428616,2356.579146697715,2062.62079741379,-1187.243782552083,24816.2928571428,-21621.392857142928,160.0,0.12987012987012986,-1.0,1.4542078163202594,2.0,-1.0,2.000000000000009,-1.0,0.08930644465847695,0.0,3.1346434857709626,8.0,99760.72142857192,20.0,1.049630033936323,36.73118912337566,0.1298701298701299,957056.0499999985,911803.2249999999,6,12,17.781655844155843,20.01939655172414,16.4296875,699.0,276.0,0.3948497854077253,0.18454935622317598,533.0,188.0,0.3527204502814259,0.058161350844277676,1232.0,0.37662337662337664,1232.0,0.37662337662337664,,,768.0,0.0,464.0,1.0,,,1232.0,0.37662337662337664,,,,,,,,,,
M15@H1,wick_touch,any,any,any,both,market,zone,fixed_rr,2.0,1.5,none,20,same,any,until_broken,999,0,any,any,any,any,any,any,any,any,own,with_hma_h4,none,20,12,ha_close,173461,9884,1232,1232,464,768,0.37662337662337664,464,768,45252.8249999986,36.731189123375486,-419.5053571428616,2356.579146697715,2062.62079741379,-1187.243782552083,24816.2928571428,-21621.392857142928,160.0,0.12987012987012986,-1.0,1.4542078163202594,2.0,-1.0,2.000000000000009,-1.0,0.08930644465847695,0.0,3.1346434857709626,8.0,99760.72142857192,20.0,1.049630033936323,36.73118912337566,0.1298701298701299,957056.0499999985,911803.2249999999,6,12,17.781655844155843,20.01939655172414,16.4296875,699.0,276.0,0.3948497854077253,0.18454935622317598,533.0,188.0,0.3527204502814259,0.058161350844277676,1232.0,0.37662337662337664,1232.0,0.37662337662337664,,,768.0,0.0,464.0,1.0,,,1232.0,0.37662337662337664,,,,,,,,,,
M15@H1,wick_touch,any,any,any,both,market,zone,fixed_rr,2.0,1.5,none,20,same,any,until_broken,999,0,any,any,any,any,any,any,any,any,own,with_hma_h4,none,20,24,close,173461,9884,1232,1232,464,768,0.37662337662337664,464,768,45252.8249999986,36.731189123375486,-419.5053571428616,2356.579146697715,2062.62079741379,-1187.243782552083,24816.2928571428,-21621.392857142928,160.0,0.12987012987012986,-1.0,1.4542078163202594,2.0,-1.0,2.000000000000009,-1.0,0.08930644465847695,0.0,3.1346434857709626,8.0,99760.72142857192,20.0,1.049630033936323,36.73118912337566,0.1298701298701299,957056.0499999985,911803.2249999999,6,12,17.781655844155843,20.01939655172414,16.4296875,699.0,276.0,0.3948497854077253,0.18454935622317598,533.0,188.0,0.3527204502814259,0.058161350844277676,1232.0,0.37662337662337664,1232.0,0.37662337662337664,,,768.0,0.0,464.0,1.0,,,1232.0,0.37662337662337664,,,,,,,,,,
M15@H1,wick_touch,any,any,any,both,market,zone,fixed_rr,2.0,1.5,none,20,same,any,until_broken,999,0,any,any,any,any,any,any,any,any,own,with_hma_h4,none,20,24,ha_close,173461,9884,1232,1232,464,768,0.37662337662337664,464,768,45252.8249999986,36.731189123375486,-419.5053571428616,2356.579146697715,2062.62079741379,-1187.243782552083,24816.2928571428,-21621.392857142928,160.0,0.12987012987012986,-1.0,1.4542078163202594,2.0,-1.0,2.000000000000009,-1.0,0.08930644465847695,0.0,3.1346434857709626,8.0,99760.72142857192,20.0,1.049630033936323,36.73118912337566,0.1298701298701299,957056.0499999985,911803.2249999999,6,12,17.781655844155843,20.01939655172414,16.4296875,699.0,276.0,0.3948497854077253,0.18454935622317598,533.0,188.0,0.3527204502814259,0.058161350844277676,1232.0,0.37662337662337664,1232.0,0.37662337662337664,,,768.0,0.0,464.0,1.0,,,1232.0,0.37662337662337664,,,,,,,,,,
M5@M15,wick_touch,any,any,any,both,market,zone,fixed_rr,2.0,1.5,none,20,same,any,until_broken,999,0,any,any,any,any,any,any,any,any,own,with_hma_h1,none,20,12,close,222820,14079,1747,1747,702,1045,0.4018317115054379,697,1050,413468.8607142848,236.67364665957916,-293.5035714285732,2189.5318341575476,1869.3010378510357,-860.0770027341074,28824.985714285685,-10203.03571428567,354.0,0.20263308528906698,-1.0,1.4687013159405153,1.9928774928774928,-1.0,2.0000000000000653,-1.0,0.13796752483966176,0.0,5.766646445676946,23.6,43182.596428571735,15.0,1.4600332066628803,236.67364665957916,0.20263308528906698,1312249.3285714271,898780.4678571422,7,10,5.514024041213509,6.35505698005698,4.949043062200957,973.0,405.0,0.41623843782117165,0.24665981500513876,774.0,297.0,0.38372093023255816,0.14728682170542637,1747.0,0.4018317115054379,1747.0,0.4018317115054379,,,1050.0,0.004761904761904762,697.0,1.0,,,,,1747.0,0.4018317115054379,,,,,,,,
M5@M15,wick_touch,any,any,any,both,market,zone,fixed_rr,2.0,1.5,none,20,same,any,until_broken,999,0,any,any,any,any,any,any,any,any,own,with_hma_h1,none,20,12,ha_close,222820,14079,1747,1747,702,1045,0.4018317115054379,697,1050,413468.8607142848,236.67364665957916,-293.5035714285732,2189.5318341575476,1869.3010378510357,-860.0770027341074,28824.985714285685,-10203.03571428567,354.0,0.20263308528906698,-1.0,1.4687013159405153,1.9928774928774928,-1.0,2.0000000000000653,-1.0,0.13796752483966176,0.0,5.766646445676946,23.6,43182.596428571735,15.0,1.4600332066628803,236.67364665957916,0.20263308528906698,1312249.3285714271,898780.4678571422,7,10,5.514024041213509,6.35505698005698,4.949043062200957,973.0,405.0,0.41623843782117165,0.24665981500513876,774.0,297.0,0.38372093023255816,0.14728682170542637,1747.0,0.4018317115054379,1747.0,0.4018317115054379,,,1050.0,0.004761904761904762,697.0,1.0,,,,,1747.0,0.4018317115054379,,,,,,,,
M5@M15,wick_touch,any,any,any,both,market,zone,fixed_rr,2.0,1.5,none,20,same,any,until_broken,999,0,any,any,any,any,any,any,any,any,own,with_hma_h1,none,20,24,close,222820,14079,1747,1747,702,1045,0.4018317115054379,697,1050,413468.8607142848,236.67364665957916,-293.5035714285732,2189.5318341575476,1869.3010378510357,-860.0770027341074,28824.985714285685,-10203.03571428567,354.0,0.20263308528906698,-1.0,1.4687013159405153,1.9928774928774928,-1.0,2.0000000000000653,-1.0,0.13796752483966176,0.0,5.766646445676946,23.6,43182.596428571735,15.0,1.4600332066628803,236.67364665957916,0.20263308528906698,1312249.3285714271,898780.4678571422,7,10,5.514024041213509,6.35505698005698,4.949043062200957,973.0,405.0,0.41623843782117165,0.24665981500513876,774.0,297.0,0.38372093023255816,0.14728682170542637,1747.0,0.4018317115054379,1747.0,0.4018317115054379,,,1050.0,0.004761904761904762,697.0,1.0,,,,,1747.0,0.4018317115054379,,,,,,,,
M5@M15,wick_touch,any,any,any,both,market,zone,fixed_rr,2.0,1.5,none,20,same,any,until_broken,999,0,any,any,any,any,any,any,any,any,own,with_hma_h1,none,20,24,ha_close,222820,14079,1747,1747,702,1045,0.4018317115054379,697,1050,413468.8607142848,236.67364665957916,-293.5035714285732,2189.5318341575476,1869.3010378510357,-860.0770027341074,28824.985714285685,-10203.03571428567,354.0,0.20263308528906698,-1.0,1.4687013159405153,1.9928774928774928,-1.0,2.0000000000000653,-1.0,0.13796752483966176,0.0,5.766646445676946,23.6,43182.596428571735,15.0,1.4600332066628803,236.67364665957916,0.20263308528906698,1312249.3285714271,898780.4678571422,7,10,5.514024041213509,6.35505698005698,4.949043062200957,973.0,405.0,0.41623843782117165,0.24665981500513876,774.0,297.0,0.38372093023255816,0.14728682170542637,1747.0,0.4018317115054379,1747.0,0.4018317115054379,,,1050.0,0.004761904761904762,697.0,1.0,,,,,1747.0,0.4018317115054379,,,,,,,,
M5@M15,wick_touch,any,any,any,both,market,zone,fixed_rr,2.0,1.5,none,20,same,any,until_broken,999,0,any,any,any,any,any,any,any,any,own,with_hma_h4,none,20,12,close,222820,17171,1890,1890,720,1170,0.38095238095238093,715,1175,280467.93571428827,148.3957331821631,-296.8232142857232,2002.1487399415464,1812.59664186508,-875.7279029304012,22304.79285714282,-19541.857142857134,265.0,0.1402116402116402,-1.0,1.454778714868509,1.9930555555555556,-1.0,2.0000000000000653,-1.0,0.0963800465174618,0.0,4.190038694699407,11.041666666666666,43666.19285714286,24.0,1.2737336375477326,148.39573318216299,0.14021164021164012,1305069.5821428576,1024601.6464285695,5,15,5.266093474426808,6.707291666666666,4.379202279202279,1109.0,440.0,0.39675383228133454,0.18935978358881875,781.0,280.0,0.3585147247119078,0.07042253521126761,1890.0,0.38095238095238093,1890.0,0.38095238095238093,,,1175.0,0.00425531914893617,715.0,1.0,,,,,1890.0,0.38095238095238093,,,,,,,,
M5@M15,wick_touch,any,any,any,both,market,zone,fixed_rr,2.0,1.5,none,20,same,any,until_broken,999,0,any,any,any,any,any,any,any,any,own,with_hma_h4,none,20,12,ha_close,222820,17171,1890,1890,720,1170,0.38095238095238093,715,1175,280467.93571428827,148.3957331821631,-296.8232142857232,2002.1487399415464,1812.59664186508,-875.7279029304012,22304.79285714282,-19541.857142857134,265.0,0.1402116402116402,-1.0,1.454778714868509,1.9930555555555556,-1.0,2.0000000000000653,-1.0,0.0963800465174618,0.0,4.190038694699407,11.041666666666666,43666.19285714286,24.0,1.2737336375477326,148.39573318216299,0.14021164021164012,1305069.5821428576,1024601.6464285695,5,15,5.266093474426808,6.707291666666666,4.379202279202279,1109.0,440.0,0.39675383228133454,0.18935978358881875,781.0,280.0,0.3585147247119078,0.07042253521126761,1890.0,0.38095238095238093,1890.0,0.38095238095238093,,,1175.0,0.00425531914893617,715.0,1.0,,,,,1890.0,0.38095238095238093,,,,,,,,
M5@M15,wick_touch,any,any,any,both,market,zone,fixed_rr,2.0,1.5,none,20,same,any,until_broken,999,0,any,any,any,any,any,any,any,any,own,with_hma_h4,none,20,24,close,222820,17171,1890,1890,720,1170,0.38095238095238093,715,1175,280467.93571428827,148.3957331821631,-296.8232142857232,2002.1487399415464,1812.59664186508,-875.7279029304012,22304.79285714282,-19541.857142857134,265.0,0.1402116402116402,-1.0,1.454778714868509,1.9930555555555556,-1.0,2.0000000000000653,-1.0,0.0963800465174618,0.0,4.190038694699407,11.041666666666666,43666.19285714286,24.0,1.2737336375477326,148.39573318216299,0.14021164021164012,1305069.5821428576,1024601.6464285695,5,15,5.266093474426808,6.707291666666666,4.379202279202279,1109.0,440.0,0.39675383228133454,0.18935978358881875,781.0,280.0,0.3585147247119078,0.07042253521126761,1890.0,0.38095238095238093,1890.0,0.38095238095238093,,,1175.0,0.00425531914893617,715.0,1.0,,,,,1890.0,0.38095238095238093,,,,,,,,
M5@M15,wick_touch,any,any,any,both,market,zone,fixed_rr,2.0,1.5,none,20,same,any,until_broken,999,0,any,any,any,any,any,any,any,any,own,with_hma_h4,none,20,24,ha_close,222820,17171,1890,1890,720,1170,0.38095238095238093,715,1175,280467.93571428827,148.3957331821631,-296.8232142857232,2002.1487399415464,1812.59664186508,-875.7279029304012,22304.79285714282,-19541.857142857134,265.0,0.1402116402116402,-1.0,1.454778714868509,1.9930555555555556,-1.0,2.0000000000000653,-1.0,0.0963800465174618,0.0,4.190038694699407,11.041666666666666,43666.19285714286,24.0,1.2737336375477326,148.39573318216299,0.14021164021164012,1305069.5821428576,1024601.6464285695,5,15,5.266093474426808,6.707291666666666,4.379202279202279,1109.0,440.0,0.39675383228133454,0.18935978358881875,781.0,280.0,0.3585147247119078,0.07042253521126761,1890.0,0.38095238095238093,1890.0,0.38095238095238093,,,1175.0,0.00425531914893617,715.0,1.0,,,,,1890.0,0.38095238095238093,,,,,,,,
M15@H4,wick_touch,any,any,any,both,market,zone,fixed_rr,2.0,1.5,none,20,same,any,until_broken,999,0,any,any,any,any,any,any,any,any,own,with_hma_h1,none,20,12,close,118270,5646,360,360,124,236,0.34444444444444444,124,236,40759.12500000017,113.21979166666713,-1110.6071428571454,4463.197322528349,4542.723732718893,-2214.146685835349,19302.035714285557,-35771.27857142859,11.999999999999993,0.03333333333333331,-1.0,1.4275443980334013,2.0,-1.0,2.000000000000005,-1.0,0.023350120233916107,0.0,0.44303738146775135,0.4285714285714281,89683.60357142882,28.000000000000014,1.078002129617037,113.21979166666756,0.033333333333333326,563297.7428571427,522538.61785714247,6,13,76.4576388888889,90.7399193548387,68.95338983050847,189.0,73.0,0.3862433862433862,0.15873015873015867,171.0,51.0,0.2982456140350877,-0.10526315789473684,360.0,0.34444444444444444,360.0,0.34444444444444444,360.0,0.34444444444444444,236.0,0.0,124.0,1.0,,,,,,,,,,,,,,
M15@H4,wick_touch,any,any,any,both,market,zone,fixed_rr,2.0,1.5,none,20,same,any,until_broken,999,0,any,any,any,any,any,any,any,any,own,with_hma_h1,none,20,12,ha_close,118270,5646,360,360,124,236,0.34444444444444444,124,236,40759.12500000017,113.21979166666713,-1110.6071428571454,4463.197322528349,4542.723732718893,-2214.146685835349,19302.035714285557,-35771.27857142859,11.999999999999993,0.03333333333333331,-1.0,1.4275443980334013,2.0,-1.0,2.000000000000005,-1.0,0.023350120233916107,0.0,0.44303738146775135,0.4285714285714281,89683.60357142882,28.000000000000014,1.078002129617037,113.21979166666756,0.033333333333333326,563297.7428571427,522538.61785714247,6,13,76.4576388888889,90.7399193548387,68.95338983050847,189.0,73.0,0.3862433862433862,0.15873015873015867,171.0,51.0,0.2982456140350877,-0.10526315789473684,360.0,0.34444444444444444,360.0,0.34444444444444444,360.0,0.34444444444444444,236.0,0.0,124.0,1.0,,,,,,,,,,,,,,
M15@H4,wick_touch,any,any,any,both,market,zone,fixed_rr,2.0,1.5,none,20,same,any,until_broken,999,0,any,any,any,any,any,any,any,any,own,with_hma_h1,none,20,24,close,118270,5646,360,360,124,236,0.34444444444444444,124,236,40759.12500000017,113.21979166666713,-1110.6071428571454,4463.197322528349,4542.723732718893,-2214.146685835349,19302.035714285557,-35771.27857142859,11.999999999999993,0.03333333333333331,-1.0,1.4275443980334013,2.0,-1.0,2.000000000000005,-1.0,0.023350120233916107,0.0,0.44303738146775135,0.4285714285714281,89683.60357142882,28.000000000000014,1.078002129617037,113.21979166666756,0.033333333333333326,563297.7428571427,522538.61785714247,6,13,76.4576388888889,90.7399193548387,68.95338983050847,189.0,73.0,0.3862433862433862,0.15873015873015867,171.0,51.0,0.2982456140350877,-0.10526315789473684,360.0,0.34444444444444444,360.0,0.34444444444444444,360.0,0.34444444444444444,236.0,0.0,124.0,1.0,,,,,,,,,,,,,,
M15@H4,wick_touch,any,any,any,both,market,zone,fixed_rr,2.0,1.5,none,20,same,any,until_broken,999,0,any,any,any,any,any,any,any,any,own,with_hma_h1,none,20,24,ha_close,118270,5646,360,360,124,236,0.34444444444444444,124,236,40759.12500000017,113.21979166666713,-1110.6071428571454,4463.197322528349,4542.723732718893,-2214.146685835349,19302.035714285557,-35771.27857142859,11.999999999999993,0.03333333333333331,-1.0,1.4275443980334013,2.0,-1.0,2.000000000000005,-1.0,0.023350120233916107,0.0,0.44303738146775135,0.4285714285714281,89683.60357142882,28.000000000000014,1.078002129617037,113.21979166666756,0.033333333333333326,563297.7428571427,522538.61785714247,6,13,76.4576388888889,90.7399193548387,68.95338983050847,189.0,73.0,0.3862433862433862,0.15873015873015867,171.0,51.0,0.2982456140350877,-0.10526315789473684,360.0,0.34444444444444444,360.0,0.34444444444444444,360.0,0.34444444444444444,236.0,0.0,124.0,1.0,,,,,,,,,,,,,,
M15@H4,wick_touch,any,any,any,both,market,zone,fixed_rr,2.0,1.5,none,20,same,any,until_broken,999,0,any,any,any,any,any,any,any,any,own,with_hma_h4,none,20,12,close,118270,4013,337,337,129,208,0.3827893175074184,128,208,106191.49999999942,315.1083086053395,-863.0321428571506,4245.710977537187,4272.81611295681,-2139.4316277472553,19024.607142857167,-15134.507142857092,48.27781944798424,0.1432576244747307,-1.0,1.4568812681595256,1.9866497631626687,-1.0,2.0000000000000053,-1.0,0.09833170870245843,0.0,1.8051302178924133,3.713678419075711,36277.72142857152,13.0,1.238631630509212,315.1083086053393,0.14325762447473078,551193.2785714285,445001.7785714291,4,9,61.5919881305638,71.87403100775194,55.21514423076923,169.0,76.0,0.44970414201183434,0.3389220085679541,168.0,53.0,0.31547619047619047,-0.05357142857142857,337.0,0.3827893175074184,337.0,0.3827893175074184,337.0,0.3827893175074184,208.0,0.0,128.0,1.0,1.0,1.0,,,,,,,,,,,,
M15@H4,wick_touch,any,any,any,both,market,zone,fixed_rr,2.0,1.5,none,20,same,any,until_broken,999,0,any,any,any,any,any,any,any,any,own,with_hma_h4,none,20,12,ha_close,118270,4013,337,337,129,208,0.3827893175074184,128,208,106191.49999999942,315.1083086053395,-863.0321428571506,4245.710977537187,4272.81611295681,-2139.4316277472553,19024.607142857167,-15134.507142857092,48.27781944798424,0.1432576244747307,-1.0,1.4568812681595256,1.9866497631626687,-1.0,2.0000000000000053,-1.0,0.09833170870245843,0.0,1.8051302178924133,3.713678419075711,36277.72142857152,13.0,1.238631630509212,315.1083086053393,0.14325762447473078,551193.2785714285,445001.7785714291,4,9,61.5919881305638,71.87403100775194,55.21514423076923,169.0,76.0,0.44970414201183434,0.3389220085679541,168.0,53.0,0.31547619047619047,-0.05357142857142857,337.0,0.3827893175074184,337.0,0.3827893175074184,337.0,0.3827893175074184,208.0,0.0,128.0,1.0,1.0,1.0,,,,,,,,,,,,
M15@H4,wick_touch,any,any,any,both,market,zone,fixed_rr,2.0,1.5,none,20,same,any,until_broken,999,0,any,any,any,any,any,any,any,any,own,with_hma_h4,none,20,24,close,118270,4013,337,337,129,208,0.3827893175074184,128,208,106191.49999999942,315.1083086053395,-863.0321428571506,4245.710977537187,4272.81611295681,-2139.4316277472553,19024.607142857167,-15134.507142857092,48.27781944798424,0.1432576244747307,-1.0,1.4568812681595256,1.9866497631626687,-1.0,2.0000000000000053,-1.0,0.09833170870245843,0.0,1.8051302178924133,3.713678419075711,36277.72142857152,13.0,1.238631630509212,315.1083086053393,0.14325762447473078,551193.2785714285,445001.7785714291,4,9,61.5919881305638,71.87403100775194,55.21514423076923,169.0,76.0,0.44970414201183434,0.3389220085679541,168.0,53.0,0.31547619047619047,-0.05357142857142857,337.0,0.3827893175074184,337.0,0.3827893175074184,337.0,0.3827893175074184,208.0,0.0,128.0,1.0,1.0,1.0,,,,,,,,,,,,
M15@H4,wick_touch,any,any,any,both,market,zone,fixed_rr,2.0,1.5,none,20,same,any,until_broken,999,0,any,any,any,any,any,any,any,any,own,with_hma_h4,none,20,24,ha_close,118270,4013,337,337,129,208,0.3827893175074184,128,208,106191.49999999942,315.1083086053395,-863.0321428571506,4245.710977537187,4272.81611295681,-2139.4316277472553,19024.607142857167,-15134.507142857092,48.27781944798424,0.1432576244747307,-1.0,1.4568812681595256,1.9866497631626687,-1.0,2.0000000000000053,-1.0,0.09833170870245843,0.0,1.8051302178924133,3.713678419075711,36277.72142857152,13.0,1.238631630509212,315.1083086053393,0.14325762447473078,551193.2785714285,445001.7785714291,4,9,61.5919881305638,71.87403100775194,55.21514423076923,169.0,76.0,0.44970414201183434,0.3389220085679541,168.0,53.0,0.31547619047619047,-0.05357142857142857,337.0,0.3827893175074184,337.0,0.3827893175074184,337.0,0.3827893175074184,208.0,0.0,128.0,1.0,1.0,1.0,,,,,,,,,,,,
H1@H4,wick_touch,any,any,any,both,market,zone,fixed_rr,2.0,1.5,none,20,same,any,until_broken,999,0,any,any,any,any,any,any,any,any,own,with_hma_h1,none,20,12,close,102673,0,0,0,0,0,0.0,0,0,0.0,0.0,0.0,0.0,0.0,0.0,0.0,0.0,0.0,0.0,0.0,0.0,0.0,0.0,0.0,0.0,0.0,0.0,0.0,0.0,0.0,0.0,0.0,0.0,0.0,0.0,0.0,0,0,0.0,0.0,0.0,,,,,,,,,,,,,,,,,,,,,,,,,,,,,,,,
H1@H4,wick_touch,any,any,any,both,market,zone,fixed_rr,2.0,1.5,none,20,same,any,until_broken,999,0,any,any,any,any,any,any,any,any,own,with_hma_h1,none,20,12,ha_close,102673,0,0,0,0,0,0.0,0,0,0.0,0.0,0.0,0.0,0.0,0.0,0.0,0.0,0.0,0.0,0.0,0.0,0.0,0.0,0.0,0.0,0.0,0.0,0.0,0.0,0.0,0.0,0.0,0.0,0.0,0.0,0.0,0,0,0.0,0.0,0.0,,,,,,,,,,,,,,,,,,,,,,,,,,,,,,,,
H1@H4,wick_touch,any,any,any,both,market,zone,fixed_rr,2.0,1.5,none,20,same,any,until_broken,999,0,any,any,any,any,any,any,any,any,own,with_hma_h1,none,20,24,close,102673,0,0,0,0,0,0.0,0,0,0.0,0.0,0.0,0.0,0.0,0.0,0.0,0.0,0.0,0.0,0.0,0.0,0.0,0.0,0.0,0.0,0.0,0.0,0.0,0.0,0.0,0.0,0.0,0.0,0.0,0.0,0.0,0,0,0.0,0.0,0.0,,,,,,,,,,,,,,,,,,,,,,,,,,,,,,,,
H1@H4,wick_touch,any,any,any,both,market,zone,fixed_rr,2.0,1.5,none,20,same,any,until_broken,999,0,any,any,any,any,any,any,any,any,own,with_hma_h1,none,20,24,ha_close,102673,0,0,0,0,0,0.0,0,0,0.0,0.0,0.0,0.0,0.0,0.0,0.0,0.0,0.0,0.0,0.0,0.0,0.0,0.0,0.0,0.0,0.0,0.0,0.0,0.0,0.0,0.0,0.0,0.0,0.0,0.0,0.0,0,0,0.0,0.0,0.0,,,,,,,,,,,,,,,,,,,,,,,,,,,,,,,,
H1@H4,wick_touch,any,any,any,both,market,zone,fixed_rr,2.0,1.5,none,20,same,any,until_broken,999,0,any,any,any,any,any,any,any,any,own,with_hma_h4,none,20,12,close,102673,0,0,0,0,0,0.0,0,0,0.0,0.0,0.0,0.0,0.0,0.0,0.0,0.0,0.0,0.0,0.0,0.0,0.0,0.0,0.0,0.0,0.0,0.0,0.0,0.0,0.0,0.0,0.0,0.0,0.0,0.0,0.0,0,0,0.0,0.0,0.0,,,,,,,,,,,,,,,,,,,,,,,,,,,,,,,,
H1@H4,wick_touch,any,any,any,both,market,zone,fixed_rr,2.0,1.5,none,20,same,any,until_broken,999,0,any,any,any,any,any,any,any,any,own,with_hma_h4,none,20,12,ha_close,102673,0,0,0,0,0,0.0,0,0,0.0,0.0,0.0,0.0,0.0,0.0,0.0,0.0,0.0,0.0,0.0,0.0,0.0,0.0,0.0,0.0,0.0,0.0,0.0,0.0,0.0,0.0,0.0,0.0,0.0,0.0,0.0,0,0,0.0,0.0,0.0,,,,,,,,,,,,,,,,,,,,,,,,,,,,,,,,
H1@H4,wick_touch,any,any,any,both,market,zone,fixed_rr,2.0,1.5,none,20,same,any,until_broken,999,0,any,any,any,any,any,any,any,any,own,with_hma_h4,none,20,24,close,102673,0,0,0,0,0,0.0,0,0,0.0,0.0,0.0,0.0,0.0,0.0,0.0,0.0,0.0,0.0,0.0,0.0,0.0,0.0,0.0,0.0,0.0,0.0,0.0,0.0,0.0,0.0,0.0,0.0,0.0,0.0,0.0,0,0,0.0,0.0,0.0,,,,,,,,,,,,,,,,,,,,,,,,,,,,,,,,
H1@H4,wick_touch,any,any,any,both,market,zone,fixed_rr,2.0,1.5,none,20,same,any,until_broken,999,0,any,any,any,any,any,any,any,any,own,with_hma_h4,none,20,24,ha_close,102673,0,0,0,0,0,0.0,0,0,0.0,0.0,0.0,0.0,0.0,0.0,0.0,0.0,0.0,0.0,0.0,0.0,0.0,0.0,0.0,0.0,0.0,0.0,0.0,0.0,0.0,0.0,0.0,0.0,0.0,0.0,0.0,0,0,0.0,0.0,0.0,,,,,,,,,,,,,,,,,,,,,,,,,,,,,,,,
M5@H1,wick_touch,any,any,any,both,market,zone,fixed_rr,2.0,1.5,none,20,same,any,until_broken,999,0,any,any,any,any,any,any,any,any,own,any,h1,5,12,close,156071,1199,283,283,123,160,0.43462897526501765,123,160,192174.51428571437,679.0618879353865,-686.2392857142822,4218.431944464505,4029.8116724738647,-1896.8270089285688,27698.21428571413,-12763.44999999992,86.0,0.303886925795053,-1.0,1.4897590413732287,2.0,-1.0,2.0,-1.0,0.2039839446216325,0.0,3.4315410903473893,7.818181818181818,32231.996428571438,11.0,1.6332104660214408,679.0618879353863,0.30388692579505294,495666.8357142854,303492.321428571,8,7,21.53327444051826,22.75271002710027,20.595833333333335,149.0,72.0,0.48322147651006714,0.44966442953020136,134.0,51.0,0.3805970149253731,0.1417910447761194,283.0,0.43462897526501765,283.0,0.43462897526501765,,,160.0,0.0,123.0,1.0,,,283.0,0.43462897526501765,,,,,,,,,,
M5@H1,wick_touch,any,any,any,both,market,zone,fixed_rr,2.0,1.5,none,20,same,any,until_broken,999,0,any,any,any,any,any,any,any,any,own,any,h1,5,24,close,156071,1199,283,283,123,160,0.43462897526501765,123,160,192174.51428571437,679.0618879353865,-686.2392857142822,4218.431944464505,4029.8116724738647,-1896.8270089285688,27698.21428571413,-12763.44999999992,86.0,0.303886925795053,-1.0,1.4897590413732287,2.0,-1.0,2.0,-1.0,0.2039839446216325,0.0,3.4315410903473893,7.818181818181818,32231.996428571438,11.0,1.6332104660214408,679.0618879353863,0.30388692579505294,495666.8357142854,303492.321428571,8,7,21.53327444051826,22.75271002710027,20.595833333333335,149.0,72.0,0.48322147651006714,0.44966442953020136,134.0,51.0,0.3805970149253731,0.1417910447761194,283.0,0.43462897526501765,283.0,0.43462897526501765,,,160.0,0.0,123.0,1.0,,,283.0,0.43462897526501765,,,,,,,,,,
M5@H1,wick_touch,any,any,any,both,market,zone,fixed_rr,2.0,1.5,none,20,same,any,until_broken,999,0,any,any,any,any,any,any,any,any,own,any,h1,10,12,close,156071,1988,323,323,127,196,0.3931888544891641,127,196,82814.28928571424,256.3909885006633,-766.5642857143212,4437.483388214948,3891.2131608548907,-2098.825419096209,27698.21428571413,-28820.932142857146,58.0,0.17956656346749225,-1.0,1.4676481580737122,2.0,-1.0,2.0,-1.0,0.12234987144546505,0.0,2.198896452041148,4.142857142857143,45150.06785714277,14.0,1.201313496714144,256.39098850066307,0.17956656346749222,494184.07142857113,411369.782142857,5,9,22.847007223942207,29.76246719160105,18.366071428571427,168.0,74.0,0.44047619047619047,0.32142857142857145,155.0,53.0,0.3419354838709677,0.025806451612903226,323.0,0.3931888544891641,323.0,0.3931888544891641,,,196.0,0.0,127.0,1.0,,,323.0,0.3931888544891641,,,,,,,,,,
M5@H1,wick_touch,any,any,any,both,market,zone,fixed_rr,2.0,1.5,none,20,same,any,until_broken,999,0,any,any,any,any,any,any,any,any,own,any,h1,10,24,close,156071,1988,323,323,127,196,0.3931888544891641,127,196,82814.28928571424,256.3909885006633,-766.5642857143212,4437.483388214948,3891.2131608548907,-2098.825419096209,27698.21428571413,-28820.932142857146,58.0,0.17956656346749225,-1.0,1.4676481580737122,2.0,-1.0,2.0,-1.0,0.12234987144546505,0.0,2.198896452041148,4.142857142857143,45150.06785714277,14.0,1.201313496714144,256.39098850066307,0.17956656346749222,494184.07142857113,411369.782142857,5,9,22.847007223942207,29.76246719160105,18.366071428571427,168.0,74.0,0.44047619047619047,0.32142857142857145,155.0,53.0,0.3419354838709677,0.025806451612903226,323.0,0.3931888544891641,323.0,0.3931888544891641,,,196.0,0.0,127.0,1.0,,,323.0,0.3931888544891641,,,,,,,,,,
M5@H1,wick_touch,any,any,any,both,market,zone,fixed_rr,2.0,1.5,none,20,same,any,until_broken,999,0,any,any,any,any,any,any,any,any,own,any,h1,20,12,close,156071,3387,362,362,150,212,0.4143646408839779,150,212,219302.40714285674,605.8077545382782,-703.7053571428487,4982.645825712092,4199.914809523804,-1937.192520215632,46917.23571428574,-28820.932142857146,88.0,0.2430939226519337,-1.0,1.4798814570391006,2.0,-1.0,2.0,-1.0,0.16426580757239045,0.0,3.1253701388063266,5.5,52716.4785714286,16.0,1.533992004365391,605.807754538278,0.24309392265193364,629987.2214285707,410684.81428571395,9,12,25.32965009208103,35.358888888888885,18.233490566037737,183.0,83.0,0.453551912568306,0.36065573770491804,179.0,67.0,0.3743016759776536,0.12290502793296089,362.0,0.4143646408839779,362.0,0.4143646408839779,,,212.0,0.0,150.0,1.0,,,362.0,0.4143646408839779,,,,,,,,,,
M5@H1,wick_touch,any,any,any,both,market,zone,fixed_rr,2.0,1.5,none,20,same,any,until_broken,999,0,any,any,any,any,any,any,any,any,own,any,h1,20,24,close,156071,3387,362,362,150,212,0.4143646408839779,150,212,219302.40714285674,605.8077545382782,-703.7053571428487,4982.645825712092,4199.914809523804,-1937.192520215632,46917.23571428574,-28820.932142857146,88.0,0.2430939226519337,-1.0,1.4798814570391006,2.0,-1.0,2.0,-1.0,0.16426580757239045,0.0,3.1253701388063266,5.5,52716.4785714286,16.0,1.533992004365391,605.807754538278,0.24309392265193364,629987.2214285707,410684.81428571395,9,12,25.32965009208103,35.358888888888885,18.233490566037737,183.0,83.0,0.453551912568306,0.36065573770491804,179.0,67.0,0.3743016759776536,0.12290502793296089,362.0,0.4143646408839779,362.0,0.4143646408839779,,,212.0,0.0,150.0,1.0,,,362.0,0.4143646408839779,,,,,,,,,,
M5@H1,wick_touch,any,any,any,both,market,zone,fixed_rr,2.0,1.5,none,20,same,any,until_broken,999,0,any,any,any,any,any,any,any,any,own,any,h1,50,12,close,156071,6172,414,414,160,254,0.3864734299516908,160,254,201155.1035714283,485.88189268460945,-758.4089285714072,4922.788938273918,4325.3674107142815,-1932.6916619797505,46917.23571428574,-28820.932142857146,66.0,0.15942028985507245,-1.0,1.4625910380138278,2.0,-1.0,2.0,-1.0,0.10899854143203443,0.0,2.2177922270142267,2.64,47781.23928571431,25.0,1.4097649108952715,485.8818926846095,0.1594202898550724,692058.785714285,490903.68214285665,5,11,25.436392914653783,35.1140625,19.34022309711286,205.0,92.0,0.44878048780487806,0.3463414634146341,209.0,68.0,0.3253588516746411,-0.023923444976076555,414.0,0.3864734299516908,414.0,0.3864734299516908,,,254.0,0.0,160.0,1.0,,,414.0,0.3864734299516908,,,,,,,,,,
M5@H1,wick_touch,any,any,any,both,market,zone,fixed_rr,2.0,1.5,none,20,same,any,until_broken,999,0,any,any,any,any,any,any,any,any,own,any,h1,50,24,close,156071,6172,414,414,160,254,0.3864734299516908,160,254,201155.1035714283,485.88189268460945,-758.4089285714072,4922.788938273918,4325.3674107142815,-1932.6916619797505,46917.23571428574,-28820.932142857146,66.0,0.15942028985507245,-1.0,1.4625910380138278,2.0,-1.0,2.0,-1.0,0.10899854143203443,0.0,2.2177922270142267,2.64,47781.23928571431,25.0,1.4097649108952715,485.8818926846095,0.1594202898550724,692058.785714285,490903.68214285665,5,11,25.436392914653783,35.1140625,19.34022309711286,205.0,92.0,0.44878048780487806,0.3463414634146341,209.0,68.0,0.3253588516746411,-0.023923444976076555,414.0,0.3864734299516908,414.0,0.3864734299516908,,,254.0,0.0,160.0,1.0,,,414.0,0.3864734299516908,,,,,,,,,,
M5@H1,wick_touch,any,any,any,both,market,zone,fixed_rr,2.0,1.5,none,20,same,any,until_broken,999,0,any,any,any,any,any,any,any,any,own,any,h1,until_reverse,12,close,156071,9629,489,489,176,313,0.35991820040899797,176,313,139560.66785714205,285.40013876716165,-804.9428571428507,4564.027030394127,4027.740016233762,-1818.9187699680513,46917.23571428574,-28820.932142857146,39.0,0.07975460122699386,-1.0,1.4414029841119584,2.0,-1.0,2.0,-1.0,0.0553312308258681,0.0,1.223558562636455,2.1666666666666665,53383.90000000009,18.0,1.245135041399304,285.40013876716193,0.07975460122699396,708882.2428571421,569321.5750000001,5,11,22.795160190865715,30.068181818181817,18.705537806176782,215.0,90.0,0.4186046511627907,0.2558139534883721,274.0,86.0,0.31386861313868614,-0.058394160583941604,489.0,0.35991820040899797,489.0,0.35991820040899797,,,313.0,0.0,176.0,1.0,,,489.0,0.35991820040899797,,,,,,,,,,
M5@H1,wick_touch,any,any,any,both,market,zone,fixed_rr,2.0,1.5,none,20,same,any,until_broken,999,0,any,any,any,any,any,any,any,any,own,any,h1,until_reverse,24,close,156071,9629,489,489,176,313,0.35991820040899797,176,313,139560.66785714205,285.40013876716165,-804.9428571428507,4564.027030394127,4027.740016233762,-1818.9187699680513,46917.23571428574,-28820.932142857146,39.0,0.07975460122699386,-1.0,1.4414029841119584,2.0,-1.0,2.0,-1.0,0.0553312308258681,0.0,1.223558562636455,2.1666666666666665,53383.90000000009,18.0,1.245135041399304,285.40013876716193,0.07975460122699396,708882.2428571421,569321.5750000001,5,11,22.795160190865715,30.068181818181817,18.705537806176782,215.0,90.0,0.4186046511627907,0.2558139534883721,274.0,86.0,0.31386861313868614,-0.058394160583941604,489.0,0.35991820040899797,489.0,0.35991820040899797,,,313.0,0.0,176.0,1.0,,,489.0,0.35991820040899797,,,,,,,,,,
M5@H1,wick_touch,any,any,any,both,market,zone,fixed_rr,2.0,1.5,none,20,same,any,until_broken,999,0,any,any,any,any,any,any,any,any,own,any,h4,5,12,close,156071,269,104,104,63,41,0.6057692307692307,63,41,177723.94285714265,1708.884065934064,1525.6785714285797,4107.681942476906,3985.5311791383233,-1789.3785714285789,19838.664285714367,-8114.757142857161,85.0,0.8173076923076923,2.0,1.473154089824767,2.0,-1.0,2.0,-1.0,0.5548012240898111,0.0,5.65788453559822,21.25,13542.978571428626,4.0,3.4224780506498096,1708.8840659340635,0.8173076923076922,251088.46428571438,73364.52142857174,11,4,20.647435897435898,18.444444444444443,24.032520325203254,49.0,30.0,0.6122448979591837,0.8367346938775511,55.0,33.0,0.6,0.8,104.0,0.6057692307692307,104.0,0.6057692307692307,,,41.0,0.0,63.0,1.0,,,104.0,0.6057692307692307,,,,,,,,,,
M5@H1,wick_touch,any,any,any,both,market,zone,fixed_rr,2.0,1.5,none,20,same,any,until_broken,999,0,any,any,any,any,any,any,any,any,own,any,h4,5,24,close,156071,269,104,104,63,41,0.6057692307692307,63,41,177723.94285714265,1708.884065934064,1525.6785714285797,4107.681942476906,3985.5311791383233,-1789.3785714285789,19838.664285714367,-8114.757142857161,85.0,0.8173076923076923,2.0,1.473154089824767,2.0,-1.0,2.0,-1.0,0.5548012240898111,0.0,5.65788453559822,21.25,13542.978571428626,4.0,3.4224780506498096,1708.8840659340635,0.8173076923076922,251088.46428571438,73364.52142857174,11,4,20.647435897435898,18.444444444444443,24.032520325203254,49.0,30.0,0.6122448979591837,0.8367346938775511,55.0,33.0,0.6,0.8,104.0,0.6057692307692307,104.0,0.6057692307692307,,,41.0,0.0,63.0,1.0,,,104.0,0.6057692307692307,,,,,,,,,,
M5@H1,wick_touch,any,any,any,both,market,zone,fixed_rr,2.0,1.5,none,20,same,any,until_broken,999,0,any,any,any,any,any,any,any,any,own,any,h4,10,12,close,156071,424,130,130,75,55,0.5769230769230769,75,55,190200.84285714274,1463.0834065934057,1336.1857142856934,4056.828762566008,3928.4530476190507,-1898.7842857142907,19838.664285714367,-8114.757142857161,95.0,0.7307692307692307,2.0,1.4878758676366546,2.0,-1.0,2.0,-1.0,0.4911493268117765,0.0,5.599963924847726,19.0,16690.742857142963,5.0,2.821269097745996,1463.083406593406,0.7307692307692306,294633.9785714288,104433.13571428599,9,4,22.53717948717949,20.634444444444444,25.131818181818183,60.0,35.0,0.5833333333333334,0.75,70.0,40.0,0.5714285714285714,0.7142857142857143,130.0,0.5769230769230769,130.0,0.5769230769230769,,,55.0,0.0,75.0,1.0,,,130.0,0.5769230769230769,,,,,,,,,,
M5@H1,wick_touch,any,any,any,both,market,zone,fixed_rr,2.0,1.5,none,20,same,any,until_broken,999,0,any,any,any,any,any,any,any,any,own,any,h4,10,24,close,156071,424,130,130,75,55,0.5769230769230769,75,55,190200.84285714274,1463.0834065934057,1336.1857142856934,4056.828762566008,3928.4530476190507,-1898.7842857142907,19838.664285714367,-8114.757142857161,95.0,0.7307692307692307,2.0,1.4878758676366546,2.0,-1.0,2.0,-1.0,0.4911493268117765,0.0,5.599963924847726,19.0,16690.742857142963,5.0,2.821269097745996,1463.083406593406,0.7307692307692306,294633.9785714288,104433.13571428599,9,4,22.53717948717949,20.634444444444444,25.131818181818183,60.0,35.0,0.5833333333333334,0.75,70.0,40.0,0.5714285714285714,0.7142857142857143,130.0,0.5769230769230769,130.0,0.5769230769230769,,,55.0,0.0,75.0,1.0,,,130.0,0.5769230769230769,,,,,,,,,,
M5@H1,wick_touch,any,any,any,both,market,zone,fixed_rr,2.0,1.5,none,20,same,any,until_broken,999,0,any,any,any,any,any,any,any,any,own,any,h4,20,12,close,156071,747,163,163,92,71,0.5644171779141104,92,71,188599.02142857184,1157.0492112182321,1058.028571428622,3889.8825785352037,3542.6638975155315,-1934.169818913478,19838.664285714367,-12949.967857142792,113.0,0.6932515337423313,2.0,1.4920831752192385,2.0,-1.0,2.0,-1.0,0.46461989871340026,0.0,5.931869772315758,22.6,20177.25714285727,5.0,2.373366609021455,1157.0492112182328,0.6932515337423312,325925.0785714289,137326.05714285694,7,5,21.77351738241309,20.606884057971012,23.285211267605632,79.0,45.0,0.569620253164557,0.7088607594936709,84.0,47.0,0.5595238095238095,0.6785714285714286,163.0,0.5644171779141104,163.0,0.5644171779141104,,,71.0,0.0,92.0,1.0,,,163.0,0.5644171779141104,,,,,,,,,,
M5@H1,wick_touch,any,any,any,both,market,zone,fixed_rr,2.0,1.5,none,20,same,any,until_broken,999,0,any,any,any,any,any,any,any,any,own,any,h4,20,24,close,156071,747,163,163,92,71,0.5644171779141104,92,71,188599.02142857184,1157.0492112182321,1058.028571428622,3889.8825785352037,3542.6638975155315,-1934.169818913478,19838.664285714367,-12949.967857142792,113.0,0.6932515337423313,2.0,1.4920831752192385,2.0,-1.0,2.0,-1.0,0.46461989871340026,0.0,5.931869772315758,22.6,20177.25714285727,5.0,2.373366609021455,1157.0492112182328,0.6932515337423312,325925.0785714289,137326.05714285694,7,5,21.77351738241309,20.606884057971012,23.285211267605632,79.0,45.0,0.569620253164557,0.7088607594936709,84.0,47.0,0.5595238095238095,0.6785714285714286,163.0,0.5644171779141104,163.0,0.5644171779141104,,,71.0,0.0,92.0,1.0,,,163.0,0.5644171779141104,,,,,,,,,,
M5@H1,wick_touch,any,any,any,both,market,zone,fixed_rr,2.0,1.5,none,20,same,any,until_broken,999,0,any,any,any,any,any,any,any,any,own,any,h4,50,12,close,156071,1483,206,206,116,90,0.5631067961165048,116,90,254327.4607142866,1234.5993238557603,1074.9285714285634,4183.402354414851,3723.6830665024686,-1973.5530555555526,19838.664285714367,-14992.346428571364,142.0,0.6893203883495146,2.0,1.4916294983222929,2.0,-1.0,2.0,-1.0,0.46212574176417553,0.0,6.632752177446736,28.4,28535.324999999983,5.0,2.43186455851713,1234.59932385576,0.6893203883495145,431947.23571428633,177619.77499999973,7,5,22.62621359223301,23.612068965517242,21.355555555555554,95.0,57.0,0.6,0.8,111.0,59.0,0.5315315315315315,0.5945945945945946,206.0,0.5631067961165048,206.0,0.5631067961165048,,,90.0,0.0,116.0,1.0,,,206.0,0.5631067961165048,,,,,,,,,,
M5@H1,wick_touch,any,any,any,both,market,zone,fixed_rr,2.0,1.5,none,20,same,any,until_broken,999,0,any,any,any,any,any,any,any,any,own,any,h4,50,24,close,156071,1483,206,206,116,90,0.5631067961165048,116,90,254327.4607142866,1234.5993238557603,1074.9285714285634,4183.402354414851,3723.6830665024686,-1973.5530555555526,19838.664285714367,-14992.346428571364,142.0,0.6893203883495146,2.0,1.4916294983222929,2.0,-1.0,2.0,-1.0,0.46212574176417553,0.0,6.632752177446736,28.4,28535.324999999983,5.0,2.43186455851713,1234.59932385576,0.6893203883495145,431947.23571428633,177619.77499999973,7,5,22.62621359223301,23.612068965517242,21.355555555555554,95.0,57.0,0.6,0.8,111.0,59.0,0.5315315315315315,0.5945945945945946,206.0,0.5631067961165048,206.0,0.5631067961165048,,,90.0,0.0,116.0,1.0,,,206.0,0.5631067961165048,,,,,,,,,,
M5@H1,wick_touch,any,any,any,both,market,zone,fixed_rr,2.0,1.5,none,20,same,any,until_broken,999,0,any,any,any,any,any,any,any,any,own,any,h4,until_reverse,12,close,156071,8074,553,553,224,329,0.4050632911392405,224,329,194301.28571428664,351.35856367863767,-591.2892857142651,3979.9140420941435,3393.6500956632626,-1719.9888623534475,44411.685714285704,-15252.692857142756,119.00000000000001,0.21518987341772153,-1.0,1.4740462435124648,2.0,-1.0,2.0000000000000075,-1.0,0.14598583617360023,0.0,3.4329959208988,6.2631578947368425,72233.62499999942,19.0,1.343363511515334,351.35856367863755,0.21518987341772144,760177.6214285708,565876.3357142842,6,10,16.844333936106086,17.203869047619047,16.59954407294833,260.0,119.0,0.4576923076923077,0.37307692307692314,293.0,105.0,0.3583617747440273,0.07508532423208192,553.0,0.4050632911392405,553.0,0.4050632911392405,,,329.0,0.0,224.0,1.0,,,553.0,0.4050632911392405,,,,,,,,,,
M5@H1,wick_touch,any,any,any,both,market,zone,fixed_rr,2.0,1.5,none,20,same,any,until_broken,999,0,any,any,any,any,any,any,any,any,own,any,h4,until_reverse,24,close,156071,8074,553,553,224,329,0.4050632911392405,224,329,194301.28571428664,351.35856367863767,-591.2892857142651,3979.9140420941435,3393.6500956632626,-1719.9888623534475,44411.685714285704,-15252.692857142756,119.00000000000001,0.21518987341772153,-1.0,1.4740462435124648,2.0,-1.0,2.0000000000000075,-1.0,0.14598583617360023,0.0,3.4329959208988,6.2631578947368425,72233.62499999942,19.0,1.343363511515334,351.35856367863755,0.21518987341772144,760177.6214285708,565876.3357142842,6,10,16.844333936106086,17.203869047619047,16.59954407294833,260.0,119.0,0.4576923076923077,0.37307692307692314,293.0,105.0,0.3583617747440273,0.07508532423208192,553.0,0.4050632911392405,553.0,0.4050632911392405,,,329.0,0.0,224.0,1.0,,,553.0,0.4050632911392405,,,,,,,,,,
M15@H1,wick_touch,any,any,any,both,market,zone,fixed_rr,2.0,1.5,none,20,same,any,until_broken,999,0,any,any,any,any,any,any,any,any,own,any,h1,5,12,close,173461,4813,843,843,334,509,0.3962040332147094,334,509,197990.1857142856,234.86380274529725,-483.4357142857016,3257.875145956567,2628.396920444826,-1335.7453550378905,34240.65714285716,-29551.014285714336,159.0,0.18861209964412812,-1.0,1.46819434247117,2.0,-1.0,2.000000000000011,-1.0,0.12846534970749743,0.0,3.7299223506154764,7.95,58160.45357142866,20.0,1.2912072667084613,234.86380274529733,0.18861209964412817,877884.5714285718,679894.3857142862,11,9,26.39590747330961,34.1998502994012,21.275049115913557,452.0,196.0,0.4336283185840708,0.3008849557522124,391.0,138.0,0.35294117647058826,0.058823529411764705,843.0,0.3962040332147094,843.0,0.3962040332147094,,,509.0,0.0,334.0,1.0,,,843.0,0.3962040332147094,,,,,,,,,,
M15@H1,wick_touch,any,any,any,both,market,zone,fixed_rr,2.0,1.5,none,20,same,any,until_broken,999,0,any,any,any,any,any,any,any,any,own,any,h1,5,24,close,173461,4813,843,843,334,509,0.3962040332147094,334,509,197990.1857142856,234.86380274529725,-483.4357142857016,3257.875145956567,2628.396920444826,-1335.7453550378905,34240.65714285716,-29551.014285714336,159.0,0.18861209964412812,-1.0,1.46819434247117,2.0,-1.0,2.000000000000011,-1.0,0.12846534970749743,0.0,3.7299223506154764,7.95,58160.45357142866,20.0,1.2912072667084613,234.86380274529733,0.18861209964412817,877884.5714285718,679894.3857142862,11,9,26.39590747330961,34.1998502994012,21.275049115913557,452.0,196.0,0.4336283185840708,0.3008849557522124,391.0,138.0,0.35294117647058826,0.058823529411764705,843.0,0.3962040332147094,843.0,0.3962040332147094,,,509.0,0.0,334.0,1.0,,,843.0,0.3962040332147094,,,,,,,,,,
M15@H1,wick_touch,any,any,any,both,market,zone,fixed_rr,2.0,1.5,none,20,same,any,until_broken,999,0,any,any,any,any,any,any,any,any,own,any,h1,10,12,close,173461,7633,899,899,336,563,0.37374860956618466,335,563,124256.86428571364,138.21675671380828,-548.3249999999998,3194.097537741232,2697.0300382653063,-1388.8902816544035,34240.65714285716,-29551.014285714336,107.45569385025094,0.11952802430506222,-1.0,1.4508900924066475,1.9954038507447946,-1.0,2.000000000000011,-1.0,0.08238254911975894,0.0,2.470103049494712,4.884349720465952,65587.40714285766,22.0,1.1589073757924506,138.2167567138083,0.11952802430506226,906202.0928571429,781945.2285714292,17,10,29.39238042269188,35.470238095238095,25.765097690941385,473.0,196.0,0.4143763213530655,0.2398640461950337,426.0,140.0,0.3286384976525822,-0.014084507042253521,899.0,0.37374860956618466,899.0,0.37374860956618466,,,563.0,0.0,335.0,1.0,1.0,1.0,899.0,0.37374860956618466,,,,,,,,,,
M15@H1,wick_touch,any,any,any,both,market,zone,fixed_rr,2.0,1.5,none,20,same,any,until_broken,999,0,any,any,any,any,any,any,any,any,own,any,h1,10,24,close,173461,7633,899,899,336,563,0.37374860956618466,335,563,124256.86428571364,138.21675671380828,-548.3249999999998,3194.097537741232,2697.0300382653063,-1388.8902816544035,34240.65714285716,-29551.014285714336,107.45569385025094,0.11952802430506222,-1.0,1.4508900924066475,1.9954038507447946,-1.0,2.000000000000011,-1.0,0.08238254911975894,0.0,2.470103049494712,4.884349720465952,65587.40714285766,22.0,1.1589073757924506,138.2167567138083,0.11952802430506226,906202.0928571429,781945.2285714292,17,10,29.39238042269188,35.470238095238095,25.765097690941385,473.0,196.0,0.4143763213530655,0.2398640461950337,426.0,140.0,0.3286384976525822,-0.014084507042253521,899.0,0.37374860956618466,899.0,0.37374860956618466,,,563.0,0.0,335.0,1.0,1.0,1.0,899.0,0.37374860956618466,,,,,,,,,,
M15@H1,wick_touch,any,any,any,both,market,zone,fixed_rr,2.0,1.5,none,20,same,any,until_broken,999,0,any,any,any,any,any,any,any,any,own,any,h1,20,12,close,173461,11356,994,994,360,634,0.36217303822937624,358,635,81011.11785714256,81.50011856855387,-534.5803571428746,3161.9065829076376,2668.5020833333338,-1387.4599876070308,34240.65714285716,-29551.014285714336,83.45569385025094,0.08395945055357237,-1.0,1.440390165715649,1.992932482917364,-1.0,2.000000000000011,-1.0,0.05828938058033577,0.0,1.8377339244593023,2.607990432820342,60187.7964285717,32.0,1.0920947555673919,81.50011856855383,0.08395945055357235,960660.7500000002,879649.6321428575,6,12,28.375251509054326,33.75763888888889,25.319006309148264,506.0,204.0,0.4031620553359684,0.2064341775696659,488.0,156.0,0.319672131147541,-0.0430327868852459,994.0,0.36217303822937624,994.0,0.36217303822937624,,,635.0,0.0015748031496062992,358.0,1.0,1.0,1.0,994.0,0.36217303822937624,,,,,,,,,,
M15@H1,wick_touch,any,any,any,both,market,zone,fixed_rr,2.0,1.5,none,20,same,any,until_broken,999,0,any,any,any,any,any,any,any,any,own,any,h1,20,24,close,173461,11356,994,994,360,634,0.36217303822937624,358,635,81011.11785714256,81.50011856855387,-534.5803571428746,3161.9065829076376,2668.5020833333338,-1387.4599876070308,34240.65714285716,-29551.014285714336,83.45569385025094,0.08395945055357237,-1.0,1.440390165715649,1.992932482917364,-1.0,2.000000000000011,-1.0,0.05828938058033577,0.0,1.8377339244593023,2.607990432820342,60187.7964285717,32.0,1.0920947555673919,81.50011856855383,0.08395945055357235,960660.7500000002,879649.6321428575,6,12,28.375251509054326,33.75763888888889,25.319006309148264,506.0,204.0,0.4031620553359684,0.2064341775696659,488.0,156.0,0.319672131147541,-0.0430327868852459,994.0,0.36217303822937624,994.0,0.36217303822937624,,,635.0,0.0015748031496062992,358.0,1.0,1.0,1.0,994.0,0.36217303822937624,,,,,,,,,,
M15@H1,wick_touch,any,any,any,both,market,zone,fixed_rr,2.0,1.5,none,20,same,any,until_broken,999,0,any,any,any,any,any,any,any,any,own,any,h1,50,12,close,173461,15958,1073,1073,379,694,0.353215284249767,375,697,37736.46428571385,35.16911862601477,-535.0678571428944,3071.7909721346728,2611.535931021484,-1371.8092990942773,34240.65714285716,-29551.014285714336,59.455693850250924,0.05541071188280608,-1.0,1.430580580452348,1.988009746306731,-1.0,2.0,-1.0,0.03873302394842049,0.0,1.2687652208800122,1.165797918632371,70883.02500000042,51.0,1.0396376586781713,35.16911862601489,0.05541071188280622,989772.1178571425,952035.6535714285,5,13,27.69431500465983,33.26187335092348,24.653818443804035,521.0,203.0,0.3896353166986564,0.16402244501007854,552.0,176.0,0.3188405797101449,-0.04710144927536232,1073.0,0.353215284249767,1073.0,0.353215284249767,,,697.0,0.00430416068866571,375.0,1.0,1.0,1.0,1073.0,0.353215284249767,,,,,,,,,,
M15@H1,wick_touch,any,any,any,both,market,zone,fixed_rr,2.0,1.5,none,20,same,any,until_broken,999,0,any,any,any,any,any,any,any,any,own,any,h1,50,24,close,173461,15958,1073,1073,379,694,0.353215284249767,375,697,37736.46428571385,35.16911862601477,-535.0678571428944,3071.7909721346728,2611.535931021484,-1371.8092990942773,34240.65714285716,-29551.014285714336,59.455693850250924,0.05541071188280608,-1.0,1.430580580452348,1.988009746306731,-1.0,2.0,-1.0,0.03873302394842049,0.0,1.2687652208800122,1.165797918632371,70883.02500000042,51.0,1.0396376586781713,35.16911862601489,0.05541071188280622,989772.1178571425,952035.6535714285,5,13,27.69431500465983,33.26187335092348,24.653818443804035,521.0,203.0,0.3896353166986564,0.16402244501007854,552.0,176.0,0.3188405797101449,-0.04710144927536232,1073.0,0.353215284249767,1073.0,0.353215284249767,,,697.0,0.00430416068866571,375.0,1.0,1.0,1.0,1073.0,0.353215284249767,,,,,,,,,,
M15@H1,wick_touch,any,any,any,both,market,zone,fixed_rr,2.0,1.5,none,20,same,any,until_broken,999,0,any,any,any,any,any,any,any,any,own,any,h1,until_reverse,12,close,173461,16406,1076,1076,379,697,0.35223048327137546,374,701,47429.39642857088,44.07936471056773,-531.3303571428605,3081.247541501959,2621.2219939690904,-1357.265049190408,34240.65714285716,-29551.014285714336,55.455693850250924,0.05153874893145997,-1.0,1.4287250910735925,1.9853712238792902,-1.0,2.0,-1.0,0.03607324407855958,0.0,1.1832903860278912,1.2323487522277983,70883.02500000042,45.0,1.0501360545401617,44.079364710567575,0.05153874893145993,993443.1357142852,946013.7392857143,5,13,27.841310408921935,34.57321899736148,24.18077474892396,511.0,199.0,0.38943248532289626,0.1633183832685928,565.0,180.0,0.3185840707964602,-0.049557522123893805,1076.0,0.35223048327137546,1076.0,0.35223048327137546,,,701.0,0.005706134094151213,374.0,1.0,1.0,1.0,1076.0,0.35223048327137546,,,,,,,,,,
M15@H1,wick_touch,any,any,any,both,market,zone,fixed_rr,2.0,1.5,none,20,same,any,until_broken,999,0,any,any,any,any,any,any,any,any,own,any,h1,until_reverse,24,close,173461,16406,1076,1076,379,697,0.35223048327137546,374,701,47429.39642857088,44.07936471056773,-531.3303571428605,3081.247541501959,2621.2219939690904,-1357.265049190408,34240.65714285716,-29551.014285714336,55.455693850250924,0.05153874893145997,-1.0,1.4287250910735925,1.9853712238792902,-1.0,2.0,-1.0,0.03607324407855958,0.0,1.1832903860278912,1.2323487522277983,70883.02500000042,45.0,1.0501360545401617,44.079364710567575,0.05153874893145993,993443.1357142852,946013.7392857143,5,13,27.841310408921935,34.57321899736148,24.18077474892396,511.0,199.0,0.38943248532289626,0.1633183832685928,565.0,180.0,0.3185840707964602,-0.049557522123893805,1076.0,0.35223048327137546,1076.0,0.35223048327137546,,,701.0,0.005706134094151213,374.0,1.0,1.0,1.0,1076.0,0.35223048327137546,,,,,,,,,,
M15@H1,wick_touch,any,any,any,both,market,zone,fixed_rr,2.0,1.5,none,20,same,any,until_broken,999,0,any,any,any,any,any,any,any,any,own,any,h4,5,12,close,173461,1281,376,376,216,160,0.574468085106383,215,161,284488.91428571416,756.6194528875377,663.7107142857303,2770.2407816155055,2331.862152777778,-1369.9581919642872,19959.007142857263,-8397.907142857184,271.0,0.7207446808510638,2.0,1.48384922099191,1.9953703703703705,-1.0,2.000000000000011,-1.0,0.48572635996618774,0.0,9.418583565696967,45.166666666666664,27830.796428571455,6.0,2.297890493823234,756.6194528875377,0.720744680851064,503682.2250000001,219193.31071428594,9,6,30.392287234042552,24.47222222222222,38.384375,192.0,107.0,0.5572916666666666,0.6666666666666666,184.0,109.0,0.592391304347826,0.7771739130434783,376.0,0.574468085106383,376.0,0.574468085106383,,,161.0,0.006211180124223602,215.0,1.0,,,376.0,0.574468085106383,,,,,,,,,,
M15@H1,wick_touch,any,any,any,both,market,zone,fixed_rr,2.0,1.5,none,20,same,any,until_broken,999,0,any,any,any,any,any,any,any,any,own,any,h4,5,24,close,173461,1281,376,376,216,160,0.574468085106383,215,161,284488.91428571416,756.6194528875377,663.7107142857303,2770.2407816155055,2331.862152777778,-1369.9581919642872,19959.007142857263,-8397.907142857184,271.0,0.7207446808510638,2.0,1.48384922099191,1.9953703703703705,-1.0,2.000000000000011,-1.0,0.48572635996618774,0.0,9.418583565696967,45.166666666666664,27830.796428571455,6.0,2.297890493823234,756.6194528875377,0.720744680851064,503682.2250000001,219193.31071428594,9,6,30.392287234042552,24.47222222222222,38.384375,192.0,107.0,0.5572916666666666,0.6666666666666666,184.0,109.0,0.592391304347826,0.7771739130434783,376.0,0.574468085106383,376.0,0.574468085106383,,,161.0,0.006211180124223602,215.0,1.0,,,376.0,0.574468085106383,,,,,,,,,,
M15@H1,wick_touch,any,any,any,both,market,zone,fixed_rr,2.0,1.5,none,20,same,any,until_broken,999,0,any,any,any,any,any,any,any,any,own,any,h4,10,12,close,173461,2027,438,438,247,191,0.5639269406392694,246,192,299322.1214285715,683.3838388780172,604.9107142856883,2844.713270660861,2330.1954164256804,-1446.262546746448,19959.007142857263,-16107.357142857109,302.0,0.6894977168949772,2.0,1.488146674614569,1.9959514170040487,-1.0,2.000000000000011,-1.0,0.4633264507166658,0.0,9.696704242729169,43.142857142857146,34965.389285714424,7.0,2.083573331363314,683.3838388780172,0.6894977168949773,575558.2678571431,276236.14642857155,10,7,30.05079908675799,25.37145748987854,36.102094240837694,230.0,128.0,0.5565217391304348,0.6652173913043479,208.0,119.0,0.5721153846153846,0.7163461538461539,438.0,0.5639269406392694,438.0,0.5639269406392694,,,192.0,0.005208333333333333,246.0,1.0,,,438.0,0.5639269406392694,,,,,,,,,,
M15@H1,wick_touch,any,any,any,both,market,zone,fixed_rr,2.0,1.5,none,20,same,any,until_broken,999,0,any,any,any,any,any,any,any,any,own,any,h4,10,24,close,173461,2027,438,438,247,191,0.5639269406392694,246,192,299322.1214285715,683.3838388780172,604.9107142856883,2844.713270660861,2330.1954164256804,-1446.262546746448,19959.007142857263,-16107.357142857109,302.0,0.6894977168949772,2.0,1.488146674614569,1.9959514170040487,-1.0,2.000000000000011,-1.0,0.4633264507166658,0.0,9.696704242729169,43.142857142857146,34965.389285714424,7.0,2.083573331363314,683.3838388780172,0.6894977168949773,575558.2678571431,276236.14642857155,10,7,30.05079908675799,25.37145748987854,36.102094240837694,230.0,128.0,0.5565217391304348,0.6652173913043479,208.0,119.0,0.5721153846153846,0.7163461538461539,438.0,0.5639269406392694,438.0,0.5639269406392694,,,192.0,0.005208333333333333,246.0,1.0,,,438.0,0.5639269406392694,,,,,,,,,,
M15@H1,wick_touch,any,any,any,both,market,zone,fixed_rr,2.0,1.5,none,20,same,any,until_broken,999,0,any,any,any,any,any,any,any,any,own,any,h4,20,12,close,173461,3312,524,524,275,249,0.5248091603053435,274,250,333077.5285714286,635.6441384950928,426.0785714285703,2863.6899141645595,2447.1549740259757,-1365.020438898453,19959.007142857263,-16107.357142857109,300.0,0.5725190839694656,2.0,1.4984021284186824,1.9963636363636363,-1.0,2.000000000000011,-1.0,0.3820864059861324,0.0,8.746357604114149,27.272727272727273,34965.389285714424,11.0,1.9799565773494514,635.6441384950926,0.5725190839694656,672967.6178571433,339890.0892857148,7,8,29.154103053435115,27.133636363636363,31.3855421686747,275.0,147.0,0.5345454545454545,0.6,249.0,128.0,0.5140562248995983,0.5421686746987951,524.0,0.5248091603053435,524.0,0.5248091603053435,,,250.0,0.004,274.0,1.0,,,524.0,0.5248091603053435,,,,,,,,,,
M15@H1,wick_touch,any,any,any,both,market,zone,fixed_rr,2.0,1.5,none,20,same,any,until_broken,999,0,any,any,any,any,any,any,any,any,own,any,h4,20,24,close,173461,3312,524,524,275,249,0.5248091603053435,274,250,333077.5285714286,635.6441384950928,426.0785714285703,2863.6899141645595,2447.1549740259757,-1365.020438898453,19959.007142857263,-16107.357142857109,300.0,0.5725190839694656,2.0,1.4984021284186824,1.9963636363636363,-1.0,2.000000000000011,-1.0,0.3820864059861324,0.0,8.746357604114149,27.272727272727273,34965.389285714424,11.0,1.9799565773494514,635.6441384950926,0.5725190839694656,672967.6178571433,339890.0892857148,7,8,29.154103053435115,27.133636363636363,31.3855421686747,275.0,147.0,0.5345454545454545,0.6,249.0,128.0,0.5140562248995983,0.5421686746987951,524.0,0.5248091603053435,524.0,0.5248091603053435,,,250.0,0.004,274.0,1.0,,,524.0,0.5248091603053435,,,,,,,,,,
M15@H1,wick_touch,any,any,any,both,market,zone,fixed_rr,2.0,1.5,none,20,same,any,until_broken,999,0,any,any,any,any,any,any,any,any,own,any,h4,50,12,close,173461,6261,698,698,317,381,0.45415472779369626,317,381,279488.76428571483,400.4137024150642,-292.60535714286107,3237.685266400686,2489.4621901757546,-1337.7185039370065,45086.578571428436,-16107.357142857109,253.0,0.3624641833810888,-1.0,1.4947524478491112,2.0,-1.0,2.000000000000011,-1.0,0.24249111209194554,0.0,6.406539918834875,25.3,41789.06071428576,10.0,1.5483712068736828,400.413702415064,0.36246418338108877,789159.5142857142,509670.7499999995,8,9,27.941977077363898,27.84069400630915,28.026246719160106,364.0,167.0,0.45879120879120877,0.37637362637362637,334.0,150.0,0.4491017964071856,0.3473053892215569,698.0,0.45415472779369626,698.0,0.45415472779369626,,,381.0,0.0,317.0,1.0,,,698.0,0.45415472779369626,,,,,,,,,,
M15@H1,wick_touch,any,any,any,both,market,zone,fixed_rr,2.0,1.5,none,20,same,any,until_broken,999,0,any,any,any,any,any,any,any,any,own,any,h4,50,24,close,173461,6261,698,698,317,381,0.45415472779369626,317,381,279488.76428571483,400.4137024150642,-292.60535714286107,3237.685266400686,2489.4621901757546,-1337.7185039370065,45086.578571428436,-16107.357142857109,253.0,0.3624641833810888,-1.0,1.4947524478491112,2.0,-1.0,2.000000000000011,-1.0,0.24249111209194554,0.0,6.406539918834875,25.3,41789.06071428576,10.0,1.5483712068736828,400.413702415064,0.36246418338108877,789159.5142857142,509670.7499999995,8,9,27.941977077363898,27.84069400630915,28.026246719160106,364.0,167.0,0.45879120879120877,0.37637362637362637,334.0,150.0,0.4491017964071856,0.3473053892215569,698.0,0.45415472779369626,698.0,0.45415472779369626,,,381.0,0.0,317.0,1.0,,,698.0,0.45415472779369626,,,,,,,,,,
M15@H1,wick_touch,any,any,any,both,market,zone,fixed_rr,2.0,1.5,none,20,same,any,until_broken,999,0,any,any,any,any,any,any,any,any,own,any,h4,until_reverse,12,close,173461,13746,1196,1196,479,717,0.4005016722408027,478,718,163811.88928571407,136.9664626134733,-390.8999999999992,2614.3118866578156,2192.3264240978206,-1236.1401225343684,24816.2928571428,-21621.392857142928,239.99999999999997,0.20066889632107024,-1.0,1.469875884915749,1.9979123173277662,-1.0,2.000000000000009,-1.0,0.1365209800231346,0.0,4.721336852187803,15.999999999999998,86368.78571428542,15.0,1.1848240831834012,136.96646261347314,0.20066889632107032,1050124.357142856,886312.4678571421,9,11,20.877926421404684,21.652922755741127,20.36018131101813,627.0,266.0,0.42424242424242425,0.2727272727272727,569.0,213.0,0.37434094903339193,0.12126537785588752,1196.0,0.4005016722408027,1196.0,0.4005016722408027,,,718.0,0.001392757660167131,478.0,1.0,,,1196.0,0.4005016722408027,,,,,,,,,,
M15@H1,wick_touch,any,any,any,both,market,zone,fixed_rr,2.0,1.5,none,20,same,any,until_broken,999,0,any,any,any,any,any,any,any,any,own,any,h4,until_reverse,24,close,173461,13746,1196,1196,479,717,0.4005016722408027,478,718,163811.88928571407,136.9664626134733,-390.8999999999992,2614.3118866578156,2192.3264240978206,-1236.1401225343684,24816.2928571428,-21621.392857142928,239.99999999999997,0.20066889632107024,-1.0,1.469875884915749,1.9979123173277662,-1.0,2.000000000000009,-1.0,0.1365209800231346,0.0,4.721336852187803,15.999999999999998,86368.78571428542,15.0,1.1848240831834012,136.96646261347314,0.20066889632107032,1050124.357142856,886312.4678571421,9,11,20.877926421404684,21.652922755741127,20.36018131101813,627.0,266.0,0.42424242424242425,0.2727272727272727,569.0,213.0,0.37434094903339193,0.12126537785588752,1196.0,0.4005016722408027,1196.0,0.4005016722408027,,,718.0,0.001392757660167131,478.0,1.0,,,1196.0,0.4005016722408027,,,,,,,,,,
M5@M15,wick_touch,any,any,any,both,market,zone,fixed_rr,2.0,1.5,none,20,same,any,until_broken,999,0,any,any,any,any,any,any,any,any,own,any,h1,5,12,close,222820,2045,567,567,297,270,0.5238095238095238,296,271,228763.71071428512,403.46333459309545,377.89999999995416,2140.387914741689,1837.3246753246724,-1173.7841402116392,9581.04999999996,-11988.02857142864,323.0,0.5696649029982364,2.0,1.4985259166418496,1.9966329966329965,-1.0,2.0,-1.0,0.38015018403875045,0.0,9.052045630397725,46.142857142857146,39672.53214285735,7.0,1.7218303379808257,403.4633345930956,0.5696649029982365,545685.4285714277,316921.71785714256,9,7,9.59185773074662,9.260942760942761,9.955864197530865,264.0,146.0,0.553030303030303,0.6553030303030303,303.0,151.0,0.49834983498349833,0.49504950495049505,567.0,0.5238095238095238,567.0,0.5238095238095238,,,271.0,0.0036900369003690036,296.0,1.0,,,,,567.0,0.5238095238095238,,,,,,,,
M5@M15,wick_touch,any,any,any,both,market,zone,fixed_rr,2.0,1.5,none,20,same,any,until_broken,999,0,any,any,any,any,any,any,any,any,own,any,h1,5,24,close,222820,2045,567,567,297,270,0.5238095238095238,296,271,228763.71071428512,403.46333459309545,377.89999999995416,2140.387914741689,1837.3246753246724,-1173.7841402116392,9581.04999999996,-11988.02857142864,323.0,0.5696649029982364,2.0,1.4985259166418496,1.9966329966329965,-1.0,2.0,-1.0,0.38015018403875045,0.0,9.052045630397725,46.142857142857146,39672.53214285735,7.0,1.7218303379808257,403.4633345930956,0.5696649029982365,545685.4285714277,316921.71785714256,9,7,9.59185773074662,9.260942760942761,9.955864197530865,264.0,146.0,0.553030303030303,0.6553030303030303,303.0,151.0,0.49834983498349833,0.49504950495049505,567.0,0.5238095238095238,567.0,0.5238095238095238,,,271.0,0.0036900369003690036,296.0,1.0,,,,,567.0,0.5238095238095238,,,,,,,,
M5@M15,wick_touch,any,any,any,both,market,zone,fixed_rr,2.0,1.5,none,20,same,any,until_broken,999,0,any,any,any,any,any,any,any,any,own,any,h1,10,12,close,222820,3314,673,673,328,345,0.487369985141159,327,346,217425.04999999912,323.06842496285157,-128.72142857140716,2186.7262138140186,1883.113654181182,-1160.105010351967,12121.428571428623,-11988.02857142864,310.0,0.4606240713224368,-1.0,1.4996063659549348,1.9969512195121952,-1.0,2.0,-1.0,0.30716332084194364,0.0,7.968505676495938,34.44444444444444,48064.51785714316,9.0,1.543241801912982,323.0684249628516,0.4606240713224369,617661.2785714277,400236.2285714286,7,9,9.057578008915305,9.290142276422763,8.836473429951692,313.0,166.0,0.5303514376996805,0.5878594249201278,360.0,162.0,0.45,0.35,673.0,0.487369985141159,673.0,0.487369985141159,,,346.0,0.002890173410404624,327.0,1.0,,,,,673.0,0.487369985141159,,,,,,,,
M5@M15,wick_touch,any,any,any,both,market,zone,fixed_rr,2.0,1.5,none,20,same,any,until_broken,999,0,any,any,any,any,any,any,any,any,own,any,h1,10,24,close,222820,3314,673,673,328,345,0.487369985141159,327,346,217425.04999999912,323.06842496285157,-128.72142857140716,2186.7262138140186,1883.113654181182,-1160.105010351967,12121.428571428623,-11988.02857142864,310.0,0.4606240713224368,-1.0,1.4996063659549348,1.9969512195121952,-1.0,2.0,-1.0,0.30716332084194364,0.0,7.968505676495938,34.44444444444444,48064.51785714316,9.0,1.543241801912982,323.0684249628516,0.4606240713224369,617661.2785714277,400236.2285714286,7,9,9.057578008915305,9.290142276422763,8.836473429951692,313.0,166.0,0.5303514376996805,0.5878594249201278,360.0,162.0,0.45,0.35,673.0,0.487369985141159,673.0,0.487369985141159,,,346.0,0.002890173410404624,327.0,1.0,,,,,673.0,0.487369985141159,,,,,,,,
M5@M15,wick_touch,any,any,any,both,market,zone,fixed_rr,2.0,1.5,none,20,same,any,until_broken,999,0,any,any,any,any,any,any,any,any,own,any,h1,20,12,close,222820,5143,828,828,391,437,0.4722222222222222,389,439,267110.89999999834,322.59770531400767,-160.7285714285581,2136.3817131000474,1886.9408293752235,-1077.0777214776067,10545.742857142795,-11988.02857142864,343.0,0.4142512077294686,-1.0,1.4968373897659024,1.9948849104859334,-1.0,2.0,-1.0,0.27675097546451277,0.0,7.963506313441532,34.3,37618.0250000004,10.0,1.5674964259761406,322.5977053140075,0.41425120772946855,737793.8642857124,470682.96428571414,7,10,8.270833333333334,8.669011082693947,7.914569031273836,382.0,199.0,0.5209424083769634,0.5602094240837696,446.0,192.0,0.4304932735426009,0.289237668161435,828.0,0.4722222222222222,828.0,0.4722222222222222,,,439.0,0.004555808656036446,389.0,1.0,,,,,828.0,0.4722222222222222,,,,,,,,
M5@M15,wick_touch,any,any,any,both,market,zone,fixed_rr,2.0,1.5,none,20,same,any,until_broken,999,0,any,any,any,any,any,any,any,any,own,any,h1,20,24,close,222820,5143,828,828,391,437,0.4722222222222222,389,439,267110.89999999834,322.59770531400767,-160.7285714285581,2136.3817131000474,1886.9408293752235,-1077.0777214776067,10545.742857142795,-11988.02857142864,343.0,0.4142512077294686,-1.0,1.4968373897659024,1.9948849104859334,-1.0,2.0,-1.0,0.27675097546451277,0.0,7.963506313441532,34.3,37618.0250000004,10.0,1.5674964259761406,322.5977053140075,0.41425120772946855,737793.8642857124,470682.96428571414,7,10,8.270833333333334,8.669011082693947,7.914569031273836,382.0,199.0,0.5209424083769634,0.5602094240837696,446.0,192.0,0.4304932735426009,0.289237668161435,828.0,0.4722222222222222,828.0,0.4722222222222222,,,439.0,0.004555808656036446,389.0,1.0,,,,,828.0,0.4722222222222222,,,,,,,,
M5@M15,wick_touch,any,any,any,both,market,zone,fixed_rr,2.0,1.5,none,20,same,any,until_broken,999,0,any,any,any,any,any,any,any,any,own,any,h1,50,12,close,222820,10203,1158,1158,485,673,0.41882556131260795,482,676,240087.78214285593,207.32969096965107,-284.25000000002,2178.9101479807955,1898.0990574374046,-1011.1296593080019,23798.285714285703,-11988.02857142864,294.0,0.2538860103626943,-1.0,1.478558220194324,1.9938144329896907,-1.0,2.0,-1.0,0.17171187910972258,0.0,5.843252056596558,17.294117647058822,48188.571428572206,17.0,1.352815897601304,207.3296909696511,0.2538860103626943,920578.0428571412,680490.2607142853,9,10,7.62895797351756,8.603780068728522,6.926448736998514,545.0,246.0,0.45137614678899085,0.3522935779816514,613.0,239.0,0.3898858075040783,0.16639477977161501,1158.0,0.41882556131260795,1158.0,0.41882556131260795,,,676.0,0.004437869822485207,482.0,1.0,,,,,1158.0,0.41882556131260795,,,,,,,,
M5@M15,wick_touch,any,any,any,both,market,zone,fixed_rr,2.0,1.5,none,20,same,any,until_broken,999,0,any,any,any,any,any,any,any,any,own,any,h1,50,24,close,222820,10203,1158,1158,485,673,0.41882556131260795,482,676,240087.78214285593,207.32969096965107,-284.25000000002,2178.9101479807955,1898.0990574374046,-1011.1296593080019,23798.285714285703,-11988.02857142864,294.0,0.2538860103626943,-1.0,1.478558220194324,1.9938144329896907,-1.0,2.0,-1.0,0.17171187910972258,0.0,5.843252056596558,17.294117647058822,48188.571428572206,17.0,1.352815897601304,207.3296909696511,0.2538860103626943,920578.0428571412,680490.2607142853,9,10,7.62895797351756,8.603780068728522,6.926448736998514,545.0,246.0,0.45137614678899085,0.3522935779816514,613.0,239.0,0.3898858075040783,0.16639477977161501,1158.0,0.41882556131260795,1158.0,0.41882556131260795,,,676.0,0.004437869822485207,482.0,1.0,,,,,1158.0,0.41882556131260795,,,,,,,,
M5@M15,wick_touch,any,any,any,both,market,zone,fixed_rr,2.0,1.5,none,20,same,any,until_broken,999,0,any,any,any,any,any,any,any,any,own,any,h1,until_reverse,12,close,222820,18793,1703,1703,654,1049,0.3840281855549031,650,1053,242241.37857142562,142.24390990688528,-345.4678571428758,2197.8924527918903,1941.040727391871,-979.2175949884254,28824.985714285685,-10415.632142857157,255.00000000000006,0.14973576042278336,-1.0,1.457348448803255,1.9938837920489296,-1.0,2.0000000000000653,-1.0,0.10274533900642864,0.0,4.240035115761513,11.086956521739133,35575.09642857133,23.0,1.2358270577854746,142.24390990688505,0.14973576042278314,1269440.6357142837,1027199.2571428582,7,10,6.4162752006263455,7.175076452599388,5.94319987289482,811.0,329.0,0.40567200986436497,0.21454993834771893,892.0,325.0,0.36434977578475336,0.09080717488789238,1703.0,0.3840281855549031,1703.0,0.3840281855549031,,,1053.0,0.003798670465337132,650.0,1.0,,,,,1703.0,0.3840281855549031,,,,,,,,
M5@M15,wick_touch,any,any,any,both,market,zone,fixed_rr,2.0,1.5,none,20,same,any,until_broken,999,0,any,any,any,any,any,any,any,any,own,any,h1,until_reverse,24,close,222820,18793,1703,1703,654,1049,0.3840281855549031,650,1053,242241.37857142562,142.24390990688528,-345.4678571428758,2197.8924527918903,1941.040727391871,-979.2175949884254,28824.985714285685,-10415.632142857157,255.00000000000006,0.14973576042278336,-1.0,1.457348448803255,1.9938837920489296,-1.0,2.0000000000000653,-1.0,0.10274533900642864,0.0,4.240035115761513,11.086956521739133,35575.09642857133,23.0,1.2358270577854746,142.24390990688505,0.14973576042278314,1269440.6357142837,1027199.2571428582,7,10,6.4162752006263455,7.175076452599388,5.94319987289482,811.0,329.0,0.40567200986436497,0.21454993834771893,892.0,325.0,0.36434977578475336,0.09080717488789238,1703.0,0.3840281855549031,1703.0,0.3840281855549031,,,1053.0,0.003798670465337132,650.0,1.0,,,,,1703.0,0.3840281855549031,,,,,,,,
M5@M15,wick_touch,any,any,any,both,market,zone,fixed_rr,2.0,1.5,none,20,same,any,until_broken,999,0,any,any,any,any,any,any,any,any,own,any,h4,5,12,close,222820,513,190,190,109,81,0.5736842105263158,109,81,115328.16428571369,606.9903383458616,603.5821428571126,2096.242877789605,1773.6569462647376,-962.9684303350947,11355.842857142852,-8549.43571428571,137.0,0.7210526315789474,2.0,1.4875422531434925,2.0,-1.0,2.0,-1.0,0.4847274960124394,0.0,6.681507436514083,22.833333333333332,10981.39999999998,6.0,2.4785578140490374,606.9903383458618,0.7210526315789474,193328.6071428564,78000.44285714267,9,6,6.059210526315789,6.243119266055046,5.811728395061729,88.0,52.0,0.5909090909090909,0.7727272727272727,102.0,57.0,0.5588235294117647,0.6764705882352942,190.0,0.5736842105263158,190.0,0.5736842105263158,,,81.0,0.0,109.0,1.0,,,,,190.0,0.5736842105263158,,,,,,,,
M5@M15,wick_touch,any,any,any,both,market,zone,fixed_rr,2.0,1.5,none,20,same,any,until_broken,999,0,any,any,any,any,any,any,any,any,own,any,h4,5,24,close,222820,513,190,190,109,81,0.5736842105263158,109,81,115328.16428571369,606.9903383458616,603.5821428571126,2096.242877789605,1773.6569462647376,-962.9684303350947,11355.842857142852,-8549.43571428571,137.0,0.7210526315789474,2.0,1.4875422531434925,2.0,-1.0,2.0,-1.0,0.4847274960124394,0.0,6.681507436514083,22.833333333333332,10981.39999999998,6.0,2.4785578140490374,606.9903383458618,0.7210526315789474,193328.6071428564,78000.44285714267,9,6,6.059210526315789,6.243119266055046,5.811728395061729,88.0,52.0,0.5909090909090909,0.7727272727272727,102.0,57.0,0.5588235294117647,0.6764705882352942,190.0,0.5736842105263158,190.0,0.5736842105263158,,,81.0,0.0,109.0,1.0,,,,,190.0,0.5736842105263158,,,,,,,,
M5@M15,wick_touch,any,any,any,both,market,zone,fixed_rr,2.0,1.5,none,20,same,any,until_broken,999,0,any,any,any,any,any,any,any,any,own,any,h4,10,12,close,222820,865,242,242,135,107,0.5578512396694215,135,107,162304.61785714247,670.680239079101,553.8107142856916,2217.3932631049897,1912.7184126984084,-896.377269692922,11355.842857142852,-8549.43571428571,163.0,0.6735537190082644,2.0,1.4930138054429951,2.0,-1.0,2.0,-1.0,0.45113696641834666,0.0,7.018044180363495,18.11111111111111,10981.39999999998,9.0,2.692217818028309,670.6802390791013,0.6735537190082646,258216.98571428514,95912.36785714266,10,8,6.43595041322314,6.228395061728396,6.697819314641745,111.0,63.0,0.5675675675675675,0.7027027027027027,131.0,72.0,0.549618320610687,0.648854961832061,242.0,0.5578512396694215,242.0,0.5578512396694215,,,107.0,0.0,135.0,1.0,,,,,242.0,0.5578512396694215,,,,,,,,
M5@M15,wick_touch,any,any,any,both,market,zone,fixed_rr,2.0,1.5,none,20,same,any,until_broken,999,0,any,any,any,any,any,any,any,any,own,any,h4,10,24,close,222820,865,242,242,135,107,0.5578512396694215,135,107,162304.61785714247,670.680239079101,553.8107142856916,2217.3932631049897,1912.7184126984084,-896.377269692922,11355.842857142852,-8549.43571428571,163.0,0.6735537190082644,2.0,1.4930138054429951,2.0,-1.0,2.0,-1.0,0.45113696641834666,0.0,7.018044180363495,18.11111111111111,10981.39999999998,9.0,2.692217818028309,670.6802390791013,0.6735537190082646,258216.98571428514,95912.36785714266,10,8,6.43595041322314,6.228395061728396,6.697819314641745,111.0,63.0,0.5675675675675675,0.7027027027027027,131.0,72.0,0.549618320610687,0.648854961832061,242.0,0.5578512396694215,242.0,0.5578512396694215,,,107.0,0.0,135.0,1.0,,,,,242.0,0.5578512396694215,,,,,,,,
M5@M15,wick_touch,any,any,any,both,market,zone,fixed_rr,2.0,1.5,none,20,same,any,until_broken,999,0,any,any,any,any,any,any,any,any,own,any,h4,20,12,close,222820,1495,310,310,161,149,0.5193548387096775,161,149,197500.97857142778,637.0999308755735,412.900000000036,2351.0131769453806,2038.466637089612,-877.1285234899316,14394.77142857122,-8549.43571428571,173.0,0.5580645161290323,2.0,1.5012991555317183,2.0,-1.0,2.0,-1.0,0.3717210617702515,0.0,6.5448246582102545,19.22222222222222,12211.38214285711,9.0,2.511192359842791,637.0999308755734,0.5580645161290324,328193.12857142754,130692.1499999998,10,9,6.71236559139785,6.382505175983437,7.068791946308725,144.0,75.0,0.5208333333333334,0.5625,166.0,86.0,0.5180722891566265,0.5542168674698795,310.0,0.5193548387096775,310.0,0.5193548387096775,,,149.0,0.0,161.0,1.0,,,,,310.0,0.5193548387096775,,,,,,,,
M5@M15,wick_touch,any,any,any,both,market,zone,fixed_rr,2.0,1.5,none,20,same,any,until_broken,999,0,any,any,any,any,any,any,any,any,own,any,h4,20,24,close,222820,1495,310,310,161,149,0.5193548387096775,161,149,197500.97857142778,637.0999308755735,412.900000000036,2351.0131769453806,2038.466637089612,-877.1285234899316,14394.77142857122,-8549.43571428571,173.0,0.5580645161290323,2.0,1.5012991555317183,2.0,-1.0,2.0,-1.0,0.3717210617702515,0.0,6.5448246582102545,19.22222222222222,12211.38214285711,9.0,2.511192359842791,637.0999308755734,0.5580645161290324,328193.12857142754,130692.1499999998,10,9,6.71236559139785,6.382505175983437,7.068791946308725,144.0,75.0,0.5208333333333334,0.5625,166.0,86.0,0.5180722891566265,0.5542168674698795,310.0,0.5193548387096775,310.0,0.5193548387096775,,,149.0,0.0,161.0,1.0,,,,,310.0,0.5193548387096775,,,,,,,,
M5@M15,wick_touch,any,any,any,both,market,zone,fixed_rr,2.0,1.5,none,20,same,any,until_broken,999,0,any,any,any,any,any,any,any,any,own,any,h4,50,12,close,222820,3237,528,528,239,289,0.45265151515151514,239,289,206095.23571428462,390.33188582250875,-165.89821428572122,2103.6998676154876,1875.8007471607862,-838.1354424122603,14394.77142857122,-8549.43571428571,189.0,0.35795454545454547,-1.0,1.494675299922834,2.0,-1.0,2.0,-1.0,0.23948649280082815,0.0,5.5029806435761435,15.75,18146.36071428578,12.0,1.8508556820567688,390.33188582250875,0.3579545454545454,448316.3785714279,242221.14285714325,7,9,5.881155303030303,6.054741980474198,5.73760092272203,244.0,113.0,0.46311475409836067,0.38934426229508196,284.0,126.0,0.44366197183098594,0.33098591549295775,528.0,0.45265151515151514,528.0,0.45265151515151514,,,289.0,0.0,239.0,1.0,,,,,528.0,0.45265151515151514,,,,,,,,
M5@M15,wick_touch,any,any,any,both,market,zone,fixed_rr,2.0,1.5,none,20,same,any,until_broken,999,0,any,any,any,any,any,any,any,any,own,any,h4,50,24,close,222820,3237,528,528,239,289,0.45265151515151514,239,289,206095.23571428462,390.33188582250875,-165.89821428572122,2103.6998676154876,1875.8007471607862,-838.1354424122603,14394.77142857122,-8549.43571428571,189.0,0.35795454545454547,-1.0,1.494675299922834,2.0,-1.0,2.0,-1.0,0.23948649280082815,0.0,5.5029806435761435,15.75,18146.36071428578,12.0,1.8508556820567688,390.33188582250875,0.3579545454545454,448316.3785714279,242221.14285714325,7,9,5.881155303030303,6.054741980474198,5.73760092272203,244.0,113.0,0.46311475409836067,0.38934426229508196,284.0,126.0,0.44366197183098594,0.33098591549295775,528.0,0.45265151515151514,528.0,0.45265151515151514,,,289.0,0.0,239.0,1.0,,,,,528.0,0.45265151515151514,,,,,,,,
M5@M15,wick_touch,any,any,any,both,market,zone,fixed_rr,2.0,1.5,none,20,same,any,until_broken,999,0,any,any,any,any,any,any,any,any,own,any,h4,until_reverse,12,close,222820,20023,1935,1935,744,1191,0.38449612403100775,739,1196,406261.0392857138,209.95402547065314,-295.5500000000029,2141.897647405187,1905.136242319507,-849.0011125104949,28824.985714285685,-8783.642857142786,292.0,0.15090439276485787,-1.0,1.4574162085057354,1.993279569892473,-1.0,2.0000000000000653,-1.0,0.10354241422879305,0.0,4.55468945574478,15.368421052631579,29489.889285714773,19.0,1.401777076534044,209.95402547065316,0.1509043927648578,1417421.364285713,1011160.3249999994,5,13,5.481136950904393,6.897961469534049,4.596067730198713,996.0,405.0,0.4066265060240964,0.21887550200803213,939.0,339.0,0.3610223642172524,0.07880724174653887,1935.0,0.38449612403100775,1935.0,0.38449612403100775,,,1196.0,0.004180602006688963,739.0,1.0,,,,,1935.0,0.38449612403100775,,,,,,,,
M5@M15,wick_touch,any,any,any,both,market,zone,fixed_rr,2.0,1.5,none,20,same,any,until_broken,999,0,any,any,any,any,any,any,any,any,own,any,h4,until_reverse,24,close,222820,20023,1935,1935,744,1191,0.38449612403100775,739,1196,406261.0392857138,209.95402547065314,-295.5500000000029,2141.897647405187,1905.136242319507,-849.0011125104949,28824.985714285685,-8783.642857142786,292.0,0.15090439276485787,-1.0,1.4574162085057354,1.993279569892473,-1.0,2.0000000000000653,-1.0,0.10354241422879305,0.0,4.55468945574478,15.368421052631579,29489.889285714773,19.0,1.401777076534044,209.95402547065316,0.1509043927648578,1417421.364285713,1011160.3249999994,5,13,5.481136950904393,6.897961469534049,4.596067730198713,996.0,405.0,0.4066265060240964,0.21887550200803213,939.0,339.0,0.3610223642172524,0.07880724174653887,1935.0,0.38449612403100775,1935.0,0.38449612403100775,,,1196.0,0.004180602006688963,739.0,1.0,,,,,1935.0,0.38449612403100775,,,,,,,,
M15@H4,wick_touch,any,any,any,both,market,zone,fixed_rr,2.0,1.5,none,20,same,any,until_broken,999,0,any,any,any,any,any,any,any,any,own,any,h1,5,12,close,118270,1998,326,326,107,219,0.3282208588957055,107,219,-24709.528571429197,-75.7960999123595,-999.4785714285626,4411.689701249318,4000.0520026702256,-2067.1922048271385,27754.13571428562,-37703.70357142856,-5.000000000000009,-0.015337423312883458,-1.0,1.410862597991233,2.0,-1.0,2.000000000000005,-1.0,-0.010870954644853915,0.0,-0.19628019638846278,-0.147058823529412,86406.26071428611,34.00000000000001,0.9454192516191935,-75.79609991235952,-0.015337423312883458,428005.5642857141,452715.0928571433,5,14,68.1840490797546,75.89953271028037,64.41438356164383,165.0,61.0,0.3696969696969697,0.10909090909090904,161.0,46.0,0.2857142857142857,-0.14285714285714285,326.0,0.3282208588957055,326.0,0.3282208588957055,326.0,0.3282208588957055,219.0,0.0,107.0,1.0,,,,,,,,,,,,,,
M15@H4,wick_touch,any,any,any,both,market,zone,fixed_rr,2.0,1.5,none,20,same,any,until_broken,999,0,any,any,any,any,any,any,any,any,own,any,h1,5,24,close,118270,1998,326,326,107,219,0.3282208588957055,107,219,-24709.528571429197,-75.7960999123595,-999.4785714285626,4411.689701249318,4000.0520026702256,-2067.1922048271385,27754.13571428562,-37703.70357142856,-5.000000000000009,-0.015337423312883458,-1.0,1.410862597991233,2.0,-1.0,2.000000000000005,-1.0,-0.010870954644853915,0.0,-0.19628019638846278,-0.147058823529412,86406.26071428611,34.00000000000001,0.9454192516191935,-75.79609991235952,-0.015337423312883458,428005.5642857141,452715.0928571433,5,14,68.1840490797546,75.89953271028037,64.41438356164383,165.0,61.0,0.3696969696969697,0.10909090909090904,161.0,46.0,0.2857142857142857,-0.14285714285714285,326.0,0.3282208588957055,326.0,0.3282208588957055,326.0,0.3282208588957055,219.0,0.0,107.0,1.0,,,,,,,,,,,,,,
M15@H4,wick_touch,any,any,any,both,market,zone,fixed_rr,2.0,1.5,none,20,same,any,until_broken,999,0,any,any,any,any,any,any,any,any,own,any,h1,10,12,close,118270,3011,353,353,112,241,0.31728045325779036,112,241,-29984.207142857656,-84.94109672197636,-997.1678571428583,4337.270937919107,4077.0705994897944,-2019.1540011855377,27754.13571428562,-37703.70357142856,-17.0,-0.04815864022662889,-1.0,1.398234787228643,2.0,-1.0,2.00000000000001,-1.0,-0.034442456064250296,0.0,-0.647114998472024,-0.44736842105263147,111343.74642857147,38.00000000000001,0.9383822149275302,-84.94109672197624,-0.04815864022662886,456631.907142857,486616.1142857146,4,12,67.18980169971671,74.47991071428571,63.801867219917014,187.0,68.0,0.36363636363636365,0.09090909090909091,166.0,44.0,0.26506024096385544,-0.20481927710843373,353.0,0.31728045325779036,353.0,0.31728045325779036,353.0,0.31728045325779036,241.0,0.0,112.0,1.0,,,,,,,,,,,,,,
M15@H4,wick_touch,any,any,any,both,market,zone,fixed_rr,2.0,1.5,none,20,same,any,until_broken,999,0,any,any,any,any,any,any,any,any,own,any,h1,10,24,close,118270,3011,353,353,112,241,0.31728045325779036,112,241,-29984.207142857656,-84.94109672197636,-997.1678571428583,4337.270937919107,4077.0705994897944,-2019.1540011855377,27754.13571428562,-37703.70357142856,-17.0,-0.04815864022662889,-1.0,1.398234787228643,2.0,-1.0,2.00000000000001,-1.0,-0.034442456064250296,0.0,-0.647114998472024,-0.44736842105263147,111343.74642857147,38.00000000000001,0.9383822149275302,-84.94109672197624,-0.04815864022662886,456631.907142857,486616.1142857146,4,12,67.18980169971671,74.47991071428571,63.801867219917014,187.0,68.0,0.36363636363636365,0.09090909090909091,166.0,44.0,0.26506024096385544,-0.20481927710843373,353.0,0.31728045325779036,353.0,0.31728045325779036,353.0,0.31728045325779036,241.0,0.0,112.0,1.0,,,,,,,,,,,,,,
M15@H4,wick_touch,any,any,any,both,market,zone,fixed_rr,2.0,1.5,none,20,same,any,until_broken,999,0,any,any,any,any,any,any,any,any,own,any,h1,20,12,close,118270,4419,359,359,112,247,0.31197771587743733,112,247,-59102.28928571476,-164.63033227218597,-1149.0892857142853,4312.5648414671705,4143.913711734694,-2118.3021255060744,27062.957142857158,-37703.70357142856,-23.0,-0.06406685236768803,-1.0,1.391842216379002,2.0,-1.0,2.00000000000001,-1.0,-0.04603025516380979,0.0,-0.8721488383125395,-0.49999999999999994,129423.40714285741,46.00000000000001,0.8870413617855476,-164.6303322721858,-0.06406685236768805,464118.33571428567,523220.62500000035,4,17,72.04247910863509,76.87276785714286,69.85222672064778,183.0,67.0,0.366120218579235,0.09836065573770492,176.0,45.0,0.2556818181818182,-0.23295454545454544,359.0,0.31197771587743733,359.0,0.31197771587743733,359.0,0.31197771587743733,247.0,0.0,112.0,1.0,,,,,,,,,,,,,,
M15@H4,wick_touch,any,any,any,both,market,zone,fixed_rr,2.0,1.5,none,20,same,any,until_broken,999,0,any,any,any,any,any,any,any,any,own,any,h1,20,24,close,118270,4419,359,359,112,247,0.31197771587743733,112,247,-59102.28928571476,-164.63033227218597,-1149.0892857142853,4312.5648414671705,4143.913711734694,-2118.3021255060744,27062.957142857158,-37703.70357142856,-23.0,-0.06406685236768803,-1.0,1.391842216379002,2.0,-1.0,2.00000000000001,-1.0,-0.04603025516380979,0.0,-0.8721488383125395,-0.49999999999999994,129423.40714285741,46.00000000000001,0.8870413617855476,-164.6303322721858,-0.06406685236768805,464118.33571428567,523220.62500000035,4,17,72.04247910863509,76.87276785714286,69.85222672064778,183.0,67.0,0.366120218579235,0.09836065573770492,176.0,45.0,0.2556818181818182,-0.23295454545454544,359.0,0.31197771587743733,359.0,0.31197771587743733,359.0,0.31197771587743733,247.0,0.0,112.0,1.0,,,,,,,,,,,,,,
M15@H4,wick_touch,any,any,any,both,market,zone,fixed_rr,2.0,1.5,none,20,same,any,until_broken,999,0,any,any,any,any,any,any,any,any,own,any,h1,50,12,close,118270,6765,380,380,123,257,0.3236842105263158,123,257,-6883.367857143747,-18.114125939851967,-1174.3124999999964,4583.754866117664,4581.748838559811,-2219.6049610894956,27754.13571428562,-35771.27857142859,-11.000000000000005,-0.02894736842105265,-1.0,1.405493912140603,2.0,-1.0,2.00000000000001,-1.0,-0.020595868947568097,0.0,-0.4014873979691665,-0.35483870967741926,80190.6464285717,31.00000000000002,0.9879331984800926,-18.114125939851647,-0.02894736842105261,563555.1071428567,570438.4750000003,6,14,75.33223684210526,88.91260162601625,68.83268482490273,188.0,70.0,0.3723404255319149,0.11702127659574464,192.0,53.0,0.2760416666666667,-0.171875,380.0,0.3236842105263158,380.0,0.3236842105263158,380.0,0.3236842105263158,257.0,0.0,123.0,1.0,,,,,,,,,,,,,,
M15@H4,wick_touch,any,any,any,both,market,zone,fixed_rr,2.0,1.5,none,20,same,any,until_broken,999,0,any,any,any,any,any,any,any,any,own,any,h1,50,24,close,118270,6765,380,380,123,257,0.3236842105263158,123,257,-6883.367857143747,-18.114125939851967,-1174.3124999999964,4583.754866117664,4581.748838559811,-2219.6049610894956,27754.13571428562,-35771.27857142859,-11.000000000000005,-0.02894736842105265,-1.0,1.405493912140603,2.0,-1.0,2.00000000000001,-1.0,-0.020595868947568097,0.0,-0.4014873979691665,-0.35483870967741926,80190.6464285717,31.00000000000002,0.9879331984800926,-18.114125939851647,-0.02894736842105261,563555.1071428567,570438.4750000003,6,14,75.33223684210526,88.91260162601625,68.83268482490273,188.0,70.0,0.3723404255319149,0.11702127659574464,192.0,53.0,0.2760416666666667,-0.171875,380.0,0.3236842105263158,380.0,0.3236842105263158,380.0,0.3236842105263158,257.0,0.0,123.0,1.0,,,,,,,,,,,,,,
M15@H4,wick_touch,any,any,any,both,market,zone,fixed_rr,2.0,1.5,none,20,same,any,until_broken,999,0,any,any,any,any,any,any,any,any,own,any,h1,until_reverse,12,close,118270,7016,385,385,125,260,0.3246753246753247,125,260,-36738.40000000098,-95.42441558441811,-1162.3214285714312,4321.246917592999,4343.287942857139,-2229.420741758244,19302.035714285557,-35771.27857142859,-10.000000000000007,-0.025974025974025986,-1.0,1.4065881628039743,2.0,-1.0,2.00000000000001,-1.0,-0.018465977932195773,0.0,-0.36232865092627076,-0.3703703703703705,107318.88571428599,27.000000000000007,0.9366196179057236,-95.42441558441828,-0.025974025974025983,542910.9928571424,579649.3928571434,7,14,75.05714285714286,89.446,68.13942307692308,193.0,71.0,0.36787564766839376,0.10362694300518131,192.0,54.0,0.28125,-0.15625,385.0,0.3246753246753247,385.0,0.3246753246753247,385.0,0.3246753246753247,260.0,0.0,125.0,1.0,,,,,,,,,,,,,,
M15@H4,wick_touch,any,any,any,both,market,zone,fixed_rr,2.0,1.5,none,20,same,any,until_broken,999,0,any,any,any,any,any,any,any,any,own,any,h1,until_reverse,24,close,118270,7016,385,385,125,260,0.3246753246753247,125,260,-36738.40000000098,-95.42441558441811,-1162.3214285714312,4321.246917592999,4343.287942857139,-2229.420741758244,19302.035714285557,-35771.27857142859,-10.000000000000007,-0.025974025974025986,-1.0,1.4065881628039743,2.0,-1.0,2.00000000000001,-1.0,-0.018465977932195773,0.0,-0.36232865092627076,-0.3703703703703705,107318.88571428599,27.000000000000007,0.9366196179057236,-95.42441558441828,-0.025974025974025983,542910.9928571424,579649.3928571434,7,14,75.05714285714286,89.446,68.13942307692308,193.0,71.0,0.36787564766839376,0.10362694300518131,192.0,54.0,0.28125,-0.15625,385.0,0.3246753246753247,385.0,0.3246753246753247,385.0,0.3246753246753247,260.0,0.0,125.0,1.0,,,,,,,,,,,,,,
M15@H4,wick_touch,any,any,any,both,market,zone,fixed_rr,2.0,1.5,none,20,same,any,until_broken,999,0,any,any,any,any,any,any,any,any,own,any,h4,5,12,close,118270,599,193,193,100,93,0.5181347150259067,100,93,272346.6785714281,1411.1226868985912,972.7428571428391,4550.042976052706,4312.768357142855,-1708.9264208909397,38961.46428571428,-7489.475000000039,107.00000000000006,0.5544041450777205,2.0,1.5029116818083696,2.0000000000000004,-1.0,2.000000000000039,-1.0,0.3688867095707427,0.0,5.12473795116398,9.727272727272732,18893.692857142887,11.0,2.7136249247310826,1411.1226868985912,0.5544041450777203,431276.8357142855,158930.15714285738,11,6,65.79922279792746,74.19,56.776881720430104,109.0,62.0,0.5688073394495413,0.7064220183486244,84.0,38.0,0.4523809523809524,0.35714285714285715,193.0,0.5181347150259067,193.0,0.5181347150259067,193.0,0.5181347150259067,93.0,0.0,100.0,1.0,,,,,,,,,,,,,,
M15@H4,wick_touch,any,any,any,both,market,zone,fixed_rr,2.0,1.5,none,20,same,any,until_broken,999,0,any,any,any,any,any,any,any,any,own,any,h4,5,24,close,118270,599,193,193,100,93,0.5181347150259067,100,93,272346.6785714281,1411.1226868985912,972.7428571428391,4550.042976052706,4312.768357142855,-1708.9264208909397,38961.46428571428,-7489.475000000039,107.00000000000006,0.5544041450777205,2.0,1.5029116818083696,2.0000000000000004,-1.0,2.000000000000039,-1.0,0.3688867095707427,0.0,5.12473795116398,9.727272727272732,18893.692857142887,11.0,2.7136249247310826,1411.1226868985912,0.5544041450777203,431276.8357142855,158930.15714285738,11,6,65.79922279792746,74.19,56.776881720430104,109.0,62.0,0.5688073394495413,0.7064220183486244,84.0,38.0,0.4523809523809524,0.35714285714285715,193.0,0.5181347150259067,193.0,0.5181347150259067,193.0,0.5181347150259067,93.0,0.0,100.0,1.0,,,,,,,,,,,,,,
M15@H4,wick_touch,any,any,any,both,market,zone,fixed_rr,2.0,1.5,none,20,same,any,until_broken,999,0,any,any,any,any,any,any,any,any,own,any,h4,10,12,close,118270,1010,207,207,105,102,0.5072463768115942,105,102,312327.26785714156,1508.8273809523746,742.6571428571606,4880.896200209176,4755.47292517006,-1833.3077380952413,38961.46428571428,-7489.475000000039,108.00000000000006,0.5217391304347829,2.0,1.503478448857789,2.0000000000000004,-1.0,2.000000000000039,-1.0,0.34702135626297437,0.0,4.992767878886119,15.428571428571436,15522.946428571482,7.0,2.670222611396647,1508.8273809523755,0.5217391304347829,499324.6571428563,186997.38928571463,8,6,74.54830917874396,84.75952380952381,64.03676470588235,113.0,64.0,0.5663716814159292,0.6991150442477881,94.0,41.0,0.43617021276595747,0.30851063829787234,207.0,0.5072463768115942,207.0,0.5072463768115942,207.0,0.5072463768115942,102.0,0.0,105.0,1.0,,,,,,,,,,,,,,
M15@H4,wick_touch,any,any,any,both,market,zone,fixed_rr,2.0,1.5,none,20,same,any,until_broken,999,0,any,any,any,any,any,any,any,any,own,any,h4,10,24,close,118270,1010,207,207,105,102,0.5072463768115942,105,102,312327.26785714156,1508.8273809523746,742.6571428571606,4880.896200209176,4755.47292517006,-1833.3077380952413,38961.46428571428,-7489.475000000039,108.00000000000006,0.5217391304347829,2.0,1.503478448857789,2.0000000000000004,-1.0,2.000000000000039,-1.0,0.34702135626297437,0.0,4.992767878886119,15.428571428571436,15522.946428571482,7.0,2.670222611396647,1508.8273809523755,0.5217391304347829,499324.6571428563,186997.38928571463,8,6,74.54830917874396,84.75952380952381,64.03676470588235,113.0,64.0,0.5663716814159292,0.6991150442477881,94.0,41.0,0.43617021276595747,0.30851063829787234,207.0,0.5072463768115942,207.0,0.5072463768115942,207.0,0.5072463768115942,102.0,0.0,105.0,1.0,,,,,,,,,,,,,,
M15@H4,wick_touch,any,any,any,both,market,zone,fixed_rr,2.0,1.5,none,20,same,any,until_broken,999,0,any,any,any,any,any,any,any,any,own,any,h4,20,12,close,118270,1842,248,248,107,141,0.4314516129032258,107,141,190075.93928571342,766.435239055296,-795.0285714285769,4870.651686011169,4628.831975967951,-2164.6034194528884,19302.035714285557,-35771.27857142859,73.0,0.2943548387096775,-1.0,1.4888412155356618,2.0,-1.0,2.00000000000001,-1.0,0.19770734154734776,0.0,3.1134983281875175,4.866666666666666,45067.74642857144,15.0,1.6227728806469326,766.435239055296,0.2943548387096774,495285.02142857073,305209.08214285725,8,10,87.79435483870968,84.90186915887851,89.98936170212765,133.0,65.0,0.48872180451127817,0.4661654135338346,115.0,42.0,0.3652173913043478,0.09565217391304348,248.0,0.4314516129032258,248.0,0.4314516129032258,248.0,0.4314516129032258,141.0,0.0,107.0,1.0,,,,,,,,,,,,,,
M15@H4,wick_touch,any,any,any,both,market,zone,fixed_rr,2.0,1.5,none,20,same,any,until_broken,999,0,any,any,any,any,any,any,any,any,own,any,h4,20,24,close,118270,1842,248,248,107,141,0.4314516129032258,107,141,190075.93928571342,766.435239055296,-795.0285714285769,4870.651686011169,4628.831975967951,-2164.6034194528884,19302.035714285557,-35771.27857142859,73.0,0.2943548387096775,-1.0,1.4888412155356618,2.0,-1.0,2.00000000000001,-1.0,0.19770734154734776,0.0,3.1134983281875175,4.866666666666666,45067.74642857144,15.0,1.6227728806469326,766.435239055296,0.2943548387096774,495285.02142857073,305209.08214285725,8,10,87.79435483870968,84.90186915887851,89.98936170212765,133.0,65.0,0.48872180451127817,0.4661654135338346,115.0,42.0,0.3652173913043478,0.09565217391304348,248.0,0.4314516129032258,248.0,0.4314516129032258,248.0,0.4314516129032258,141.0,0.0,107.0,1.0,,,,,,,,,,,,,,
M15@H4,wick_touch,any,any,any,both,market,zone,fixed_rr,2.0,1.5,none,20,same,any,until_broken,999,0,any,any,any,any,any,any,any,any,own,any,h4,50,12,close,118270,3706,294,294,121,173,0.41156462585034015,121,173,166278.971428571,565.5747327502415,-944.1892857142648,4708.352063406842,4581.267355371897,-2243.0888934764653,19302.035714285557,-35771.27857142859,69.0,0.23469387755102042,-1.0,1.4788683553494055,2.0,-1.0,2.00000000000001,-1.0,0.1586982889329391,0.0,2.7211088165693287,5.75,63149.56428571453,12.0,1.4284939962298722,565.5747327502415,0.23469387755102045,554333.3499999995,388054.3785714285,5,11,87.19982993197279,91.0599173553719,84.5,149.0,70.0,0.4697986577181208,0.4093959731543625,145.0,51.0,0.35172413793103446,0.05517241379310345,294.0,0.41156462585034015,294.0,0.41156462585034015,294.0,0.41156462585034015,173.0,0.0,121.0,1.0,,,,,,,,,,,,,,
M15@H4,wick_touch,any,any,any,both,market,zone,fixed_rr,2.0,1.5,none,20,same,any,until_broken,999,0,any,any,any,any,any,any,any,any,own,any,h4,50,24,close,118270,3706,294,294,121,173,0.41156462585034015,121,173,166278.971428571,565.5747327502415,-944.1892857142648,4708.352063406842,4581.267355371897,-2243.0888934764653,19302.035714285557,-35771.27857142859,69.0,0.23469387755102042,-1.0,1.4788683553494055,2.0,-1.0,2.00000000000001,-1.0,0.1586982889329391,0.0,2.7211088165693287,5.75,63149.56428571453,12.0,1.4284939962298722,565.5747327502415,0.23469387755102045,554333.3499999995,388054.3785714285,5,11,87.19982993197279,91.0599173553719,84.5,149.0,70.0,0.4697986577181208,0.4093959731543625,145.0,51.0,0.35172413793103446,0.05517241379310345,294.0,0.41156462585034015,294.0,0.41156462585034015,294.0,0.41156462585034015,173.0,0.0,121.0,1.0,,,,,,,,,,,,,,
M15@H4,wick_touch,any,any,any,both,market,zone,fixed_rr,2.0,1.5,none,20,same,any,until_broken,999,0,any,any,any,any,any,any,any,any,own,any,h4,until_reverse,12,close,118270,6808,344,344,136,208,0.3953488372093023,136,208,143228.31071428495,416.3613683554795,-952.4196428571258,4597.537632294101,4387.6603991596585,-2180.2572287087914,27062.957142857158,-35771.27857142859,64.0,0.18604651162790697,-1.0,1.468913069980592,2.0,-1.0,2.00000000000001,-1.0,0.12665590321853773,0.0,2.3491170533022907,7.111111111111111,62523.285714286176,9.0,1.3158332138968016,416.3613683554795,0.18604651162790697,596721.8142857136,453493.5035714286,5,9,80.44186046511628,89.79411764705883,74.32692307692308,163.0,74.0,0.4539877300613497,0.3619631901840491,181.0,62.0,0.3425414364640884,0.027624309392265192,344.0,0.3953488372093023,344.0,0.3953488372093023,344.0,0.3953488372093023,208.0,0.0,136.0,1.0,,,,,,,,,,,,,,
M15@H4,wick_touch,any,any,any,both,market,zone,fixed_rr,2.0,1.5,none,20,same,any,until_broken,999,0,any,any,any,any,any,any,any,any,own,any,h4,until_reverse,24,close,118270,6808,344,344,136,208,0.3953488372093023,136,208,143228.31071428495,416.3613683554795,-952.4196428571258,4597.537632294101,4387.6603991596585,-2180.2572287087914,27062.957142857158,-35771.27857142859,64.0,0.18604651162790697,-1.0,1.468913069980592,2.0,-1.0,2.00000000000001,-1.0,0.12665590321853773,0.0,2.3491170533022907,7.111111111111111,62523.285714286176,9.0,1.3158332138968016,416.3613683554795,0.18604651162790697,596721.8142857136,453493.5035714286,5,9,80.44186046511628,89.79411764705883,74.32692307692308,163.0,74.0,0.4539877300613497,0.3619631901840491,181.0,62.0,0.3425414364640884,0.027624309392265192,344.0,0.3953488372093023,344.0,0.3953488372093023,344.0,0.3953488372093023,208.0,0.0,136.0,1.0,,,,,,,,,,,,,,
H1@H4,wick_touch,any,any,any,both,market,zone,fixed_rr,2.0,1.5,none,20,same,any,until_broken,999,0,any,any,any,any,any,any,any,any,own,any,h1,5,12,close,102673,0,0,0,0,0,0.0,0,0,0.0,0.0,0.0,0.0,0.0,0.0,0.0,0.0,0.0,0.0,0.0,0.0,0.0,0.0,0.0,0.0,0.0,0.0,0.0,0.0,0.0,0.0,0.0,0.0,0.0,0.0,0.0,0,0,0.0,0.0,0.0,,,,,,,,,,,,,,,,,,,,,,,,,,,,,,,,
H1@H4,wick_touch,any,any,any,both,market,zone,fixed_rr,2.0,1.5,none,20,same,any,until_broken,999,0,any,any,any,any,any,any,any,any,own,any,h1,5,24,close,102673,0,0,0,0,0,0.0,0,0,0.0,0.0,0.0,0.0,0.0,0.0,0.0,0.0,0.0,0.0,0.0,0.0,0.0,0.0,0.0,0.0,0.0,0.0,0.0,0.0,0.0,0.0,0.0,0.0,0.0,0.0,0.0,0,0,0.0,0.0,0.0,,,,,,,,,,,,,,,,,,,,,,,,,,,,,,,,
H1@H4,wick_touch,any,any,any,both,market,zone,fixed_rr,2.0,1.5,none,20,same,any,until_broken,999,0,any,any,any,any,any,any,any,any,own,any,h1,10,12,close,102673,0,0,0,0,0,0.0,0,0,0.0,0.0,0.0,0.0,0.0,0.0,0.0,0.0,0.0,0.0,0.0,0.0,0.0,0.0,0.0,0.0,0.0,0.0,0.0,0.0,0.0,0.0,0.0,0.0,0.0,0.0,0.0,0,0,0.0,0.0,0.0,,,,,,,,,,,,,,,,,,,,,,,,,,,,,,,,
H1@H4,wick_touch,any,any,any,both,market,zone,fixed_rr,2.0,1.5,none,20,same,any,until_broken,999,0,any,any,any,any,any,any,any,any,own,any,h1,10,24,close,102673,0,0,0,0,0,0.0,0,0,0.0,0.0,0.0,0.0,0.0,0.0,0.0,0.0,0.0,0.0,0.0,0.0,0.0,0.0,0.0,0.0,0.0,0.0,0.0,0.0,0.0,0.0,0.0,0.0,0.0,0.0,0.0,0,0,0.0,0.0,0.0,,,,,,,,,,,,,,,,,,,,,,,,,,,,,,,,
H1@H4,wick_touch,any,any,any,both,market,zone,fixed_rr,2.0,1.5,none,20,same,any,until_broken,999,0,any,any,any,any,any,any,any,any,own,any,h1,20,12,close,102673,0,0,0,0,0,0.0,0,0,0.0,0.0,0.0,0.0,0.0,0.0,0.0,0.0,0.0,0.0,0.0,0.0,0.0,0.0,0.0,0.0,0.0,0.0,0.0,0.0,0.0,0.0,0.0,0.0,0.0,0.0,0.0,0,0,0.0,0.0,0.0,,,,,,,,,,,,,,,,,,,,,,,,,,,,,,,,
H1@H4,wick_touch,any,any,any,both,market,zone,fixed_rr,2.0,1.5,none,20,same,any,until_broken,999,0,any,any,any,any,any,any,any,any,own,any,h1,20,24,close,102673,0,0,0,0,0,0.0,0,0,0.0,0.0,0.0,0.0,0.0,0.0,0.0,0.0,0.0,0.0,0.0,0.0,0.0,0.0,0.0,0.0,0.0,0.0,0.0,0.0,0.0,0.0,0.0,0.0,0.0,0.0,0.0,0,0,0.0,0.0,0.0,,,,,,,,,,,,,,,,,,,,,,,,,,,,,,,,
H1@H4,wick_touch,any,any,any,both,market,zone,fixed_rr,2.0,1.5,none,20,same,any,until_broken,999,0,any,any,any,any,any,any,any,any,own,any,h1,50,12,close,102673,0,0,0,0,0,0.0,0,0,0.0,0.0,0.0,0.0,0.0,0.0,0.0,0.0,0.0,0.0,0.0,0.0,0.0,0.0,0.0,0.0,0.0,0.0,0.0,0.0,0.0,0.0,0.0,0.0,0.0,0.0,0.0,0,0,0.0,0.0,0.0,,,,,,,,,,,,,,,,,,,,,,,,,,,,,,,,
H1@H4,wick_touch,any,any,any,both,market,zone,fixed_rr,2.0,1.5,none,20,same,any,until_broken,999,0,any,any,any,any,any,any,any,any,own,any,h1,50,24,close,102673,0,0,0,0,0,0.0,0,0,0.0,0.0,0.0,0.0,0.0,0.0,0.0,0.0,0.0,0.0,0.0,0.0,0.0,0.0,0.0,0.0,0.0,0.0,0.0,0.0,0.0,0.0,0.0,0.0,0.0,0.0,0.0,0,0,0.0,0.0,0.0,,,,,,,,,,,,,,,,,,,,,,,,,,,,,,,,
H1@H4,wick_touch,any,any,any,both,market,zone,fixed_rr,2.0,1.5,none,20,same,any,until_broken,999,0,any,any,any,any,any,any,any,any,own,any,h1,until_reverse,12,close,102673,0,0,0,0,0,0.0,0,0,0.0,0.0,0.0,0.0,0.0,0.0,0.0,0.0,0.0,0.0,0.0,0.0,0.0,0.0,0.0,0.0,0.0,0.0,0.0,0.0,0.0,0.0,0.0,0.0,0.0,0.0,0.0,0,0,0.0,0.0,0.0,,,,,,,,,,,,,,,,,,,,,,,,,,,,,,,,
H1@H4,wick_touch,any,any,any,both,market,zone,fixed_rr,2.0,1.5,none,20,same,any,until_broken,999,0,any,any,any,any,any,any,any,any,own,any,h1,until_reverse,24,close,102673,0,0,0,0,0,0.0,0,0,0.0,0.0,0.0,0.0,0.0,0.0,0.0,0.0,0.0,0.0,0.0,0.0,0.0,0.0,0.0,0.0,0.0,0.0,0.0,0.0,0.0,0.0,0.0,0.0,0.0,0.0,0.0,0,0,0.0,0.0,0.0,,,,,,,,,,,,,,,,,,,,,,,,,,,,,,,,
H1@H4,wick_touch,any,any,any,both,market,zone,fixed_rr,2.0,1.5,none,20,same,any,until_broken,999,0,any,any,any,any,any,any,any,any,own,any,h4,5,12,close,102673,0,0,0,0,0,0.0,0,0,0.0,0.0,0.0,0.0,0.0,0.0,0.0,0.0,0.0,0.0,0.0,0.0,0.0,0.0,0.0,0.0,0.0,0.0,0.0,0.0,0.0,0.0,0.0,0.0,0.0,0.0,0.0,0,0,0.0,0.0,0.0,,,,,,,,,,,,,,,,,,,,,,,,,,,,,,,,
H1@H4,wick_touch,any,any,any,both,market,zone,fixed_rr,2.0,1.5,none,20,same,any,until_broken,999,0,any,any,any,any,any,any,any,any,own,any,h4,5,24,close,102673,0,0,0,0,0,0.0,0,0,0.0,0.0,0.0,0.0,0.0,0.0,0.0,0.0,0.0,0.0,0.0,0.0,0.0,0.0,0.0,0.0,0.0,0.0,0.0,0.0,0.0,0.0,0.0,0.0,0.0,0.0,0.0,0,0,0.0,0.0,0.0,,,,,,,,,,,,,,,,,,,,,,,,,,,,,,,,
H1@H4,wick_touch,any,any,any,both,market,zone,fixed_rr,2.0,1.5,none,20,same,any,until_broken,999,0,any,any,any,any,any,any,any,any,own,any,h4,10,12,close,102673,0,0,0,0,0,0.0,0,0,0.0,0.0,0.0,0.0,0.0,0.0,0.0,0.0,0.0,0.0,0.0,0.0,0.0,0.0,0.0,0.0,0.0,0.0,0.0,0.0,0.0,0.0,0.0,0.0,0.0,0.0,0.0,0,0,0.0,0.0,0.0,,,,,,,,,,,,,,,,,,,,,,,,,,,,,,,,
H1@H4,wick_touch,any,any,any,both,market,zone,fixed_rr,2.0,1.5,none,20,same,any,until_broken,999,0,any,any,any,any,any,any,any,any,own,any,h4,10,24,close,102673,0,0,0,0,0,0.0,0,0,0.0,0.0,0.0,0.0,0.0,0.0,0.0,0.0,0.0,0.0,0.0,0.0,0.0,0.0,0.0,0.0,0.0,0.0,0.0,0.0,0.0,0.0,0.0,0.0,0.0,0.0,0.0,0,0,0.0,0.0,0.0,,,,,,,,,,,,,,,,,,,,,,,,,,,,,,,,
H1@H4,wick_touch,any,any,any,both,market,zone,fixed_rr,2.0,1.5,none,20,same,any,until_broken,999,0,any,any,any,any,any,any,any,any,own,any,h4,20,12,close,102673,0,0,0,0,0,0.0,0,0,0.0,0.0,0.0,0.0,0.0,0.0,0.0,0.0,0.0,0.0,0.0,0.0,0.0,0.0,0.0,0.0,0.0,0.0,0.0,0.0,0.0,0.0,0.0,0.0,0.0,0.0,0.0,0,0,0.0,0.0,0.0,,,,,,,,,,,,,,,,,,,,,,,,,,,,,,,,
H1@H4,wick_touch,any,any,any,both,market,zone,fixed_rr,2.0,1.5,none,20,same,any,until_broken,999,0,any,any,any,any,any,any,any,any,own,any,h4,20,24,close,102673,0,0,0,0,0,0.0,0,0,0.0,0.0,0.0,0.0,0.0,0.0,0.0,0.0,0.0,0.0,0.0,0.0,0.0,0.0,0.0,0.0,0.0,0.0,0.0,0.0,0.0,0.0,0.0,0.0,0.0,0.0,0.0,0,0,0.0,0.0,0.0,,,,,,,,,,,,,,,,,,,,,,,,,,,,,,,,
H1@H4,wick_touch,any,any,any,both,market,zone,fixed_rr,2.0,1.5,none,20,same,any,until_broken,999,0,any,any,any,any,any,any,any,any,own,any,h4,50,12,close,102673,0,0,0,0,0,0.0,0,0,0.0,0.0,0.0,0.0,0.0,0.0,0.0,0.0,0.0,0.0,0.0,0.0,0.0,0.0,0.0,0.0,0.0,0.0,0.0,0.0,0.0,0.0,0.0,0.0,0.0,0.0,0.0,0,0,0.0,0.0,0.0,,,,,,,,,,,,,,,,,,,,,,,,,,,,,,,,
H1@H4,wick_touch,any,any,any,both,market,zone,fixed_rr,2.0,1.5,none,20,same,any,until_broken,999,0,any,any,any,any,any,any,any,any,own,any,h4,50,24,close,102673,0,0,0,0,0,0.0,0,0,0.0,0.0,0.0,0.0,0.0,0.0,0.0,0.0,0.0,0.0,0.0,0.0,0.0,0.0,0.0,0.0,0.0,0.0,0.0,0.0,0.0,0.0,0.0,0.0,0.0,0.0,0.0,0,0,0.0,0.0,0.0,,,,,,,,,,,,,,,,,,,,,,,,,,,,,,,,
H1@H4,wick_touch,any,any,any,both,market,zone,fixed_rr,2.0,1.5,none,20,same,any,until_broken,999,0,any,any,any,any,any,any,any,any,own,any,h4,until_reverse,12,close,102673,0,0,0,0,0,0.0,0,0,0.0,0.0,0.0,0.0,0.0,0.0,0.0,0.0,0.0,0.0,0.0,0.0,0.0,0.0,0.0,0.0,0.0,0.0,0.0,0.0,0.0,0.0,0.0,0.0,0.0,0.0,0.0,0,0,0.0,0.0,0.0,,,,,,,,,,,,,,,,,,,,,,,,,,,,,,,,
H1@H4,wick_touch,any,any,any,both,market,zone,fixed_rr,2.0,1.5,none,20,same,any,until_broken,999,0,any,any,any,any,any,any,any,any,own,any,h4,until_reverse,24,close,102673,0,0,0,0,0,0.0,0,0,0.0,0.0,0.0,0.0,0.0,0.0,0.0,0.0,0.0,0.0,0.0,0.0,0.0,0.0,0.0,0.0,0.0,0.0,0.0,0.0,0.0,0.0,0.0,0.0,0.0,0.0,0.0,0,0,0.0,0.0,0.0,,,,,,,,,,,,,,,,,,,,,,,,,,,,,,,,
H1@H4,wick_touch,any,any,any,both,limit,zone,fixed_rr,2.0,1.5,none,20,same,any,until_broken,999,0,any,any,any,any,any,any,any,any,own,with_hma_h1,none,20,24,close,102673,0,0,0,0,0,0.0,0,0,0.0,0.0,0.0,0.0,0.0,0.0,0.0,0.0,0.0,0.0,0.0,0.0,0.0,0.0,0.0,0.0,0.0,0.0,0.0,0.0,0.0,0.0,0.0,0.0,0.0,0.0,0.0,0,0,0.0,0.0,0.0,,,,,,,,,,,,,,,,,,,,,,,,,,,,,,,,
H1@H4,wick_touch,any,any,any,both,limit,zone,fixed_rr,2.0,1.5,none,20,same,any,until_broken,999,0,any,any,any,any,any,any,any,any,own,with_hma_h4,none,20,24,close,102673,0,0,0,0,0,0.0,0,0,0.0,0.0,0.0,0.0,0.0,0.0,0.0,0.0,0.0,0.0,0.0,0.0,0.0,0.0,0.0,0.0,0.0,0.0,0.0,0.0,0.0,0.0,0.0,0.0,0.0,0.0,0.0,0,0,0.0,0.0,0.0,,,,,,,,,,,,,,,,,,,,,,,,,,,,,,,,
H1@D1,wick_touch,any,any,any,both,limit,zone,fixed_rr,2.0,1.5,none,20,same,any,until_broken,999,0,any,any,any,any,any,any,any,any,own,with_hma_h1,none,20,24,close,69416,0,0,0,0,0,0.0,0,0,0.0,0.0,0.0,0.0,0.0,0.0,0.0,0.0,0.0,0.0,0.0,0.0,0.0,0.0,0.0,0.0,0.0,0.0,0.0,0.0,0.0,0.0,0.0,0.0,0.0,0.0,0.0,0,0,0.0,0.0,0.0,,,,,,,,,,,,,,,,,,,,,,,,,,,,,,,,
H1@D1,wick_touch,any,any,any,both,limit,zone,fixed_rr,2.0,1.5,none,20,same,any,until_broken,999,0,any,any,any,any,any,any,any,any,own,with_hma_h4,none,20,24,close,69416,0,0,0,0,0,0.0,0,0,0.0,0.0,0.0,0.0,0.0,0.0,0.0,0.0,0.0,0.0,0.0,0.0,0.0,0.0,0.0,0.0,0.0,0.0,0.0,0.0,0.0,0.0,0.0,0.0,0.0,0.0,0.0,0,0,0.0,0.0,0.0,,,,,,,,,,,,,,,,,,,,,,,,,,,,,,,,
M15@H4,wick_touch,any,any,any,both,limit,zone,fixed_rr,2.0,1.5,none,20,same,any,until_broken,999,0,any,any,any,any,any,any,any,any,own,with_hma_h1,none,20,24,close,118270,5646,12,12,11,1,0.9166666666666666,11,1,2591.5178571428896,215.95982142857414,189.16071428573105,176.87226959629257,253.57792207792457,-197.83928571428078,436.82142857142026,-197.83928571428078,21.0,1.75,2.0,0.8660254037844386,2.0,-1.0,2.0,-1.0,2.0207259421636903,0.0,7.0,21.0,197.83928571428078,1.0,14.099106417547201,215.95982142857412,1.75,2789.3571428571704,197.83928571428078,8,1,0.25,0.25,0.25,4.0,4.0,1.0,2.0,8.0,7.0,0.875,1.625,12.0,0.9166666666666666,12.0,0.9166666666666666,12.0,0.9166666666666666,1.0,0.0,11.0,1.0,,,,,,,,,,,,,,
M15@H4,wick_touch,any,any,any,both,limit,zone,fixed_rr,2.0,1.5,none,20,same,any,until_broken,999,0,any,any,any,any,any,any,any,any,own,with_hma_h4,none,20,24,close,118270,4013,36,36,29,7,0.8055555555555556,29,7,5469.446428571473,151.9290674603187,167.1785714285761,154.56256567199233,212.45689655172635,-98.82908163265581,436.82142857142026,-197.83928571428078,51.0,1.4166666666666667,2.0,1.2041594578792296,2.0,-1.0,2.0,-1.0,1.176477631261316,0.0,7.058865787567896,51.0,197.83928571428078,1.0,8.90606850623355,151.9290674603187,1.4166666666666667,6161.250000000064,691.8035714285907,12,2,0.2569444444444444,0.25,0.2857142857142857,21.0,17.0,0.8095238095238095,1.4285714285714286,15.0,12.0,0.8,1.4,36.0,0.8055555555555556,36.0,0.8055555555555556,36.0,0.8055555555555556,7.0,0.0,29.0,1.0,,,,,,,,,,,,,,
M5@H1,wick_touch,any,any,any,both,limit,zone,fixed_rr,2.0,1.5,none,20,same,any,until_broken,999,0,any,any,any,any,any,any,any,any,own,with_hma_h1,none,20,24,close,156071,5807,50,50,38,12,0.76,38,12,6083.214285714666,121.66428571429333,129.8035714285561,210.39072578628728,197.5103383458717,-118.51488095237148,865.4285714286743,-396.3214285713548,64.0,1.28,2.0,1.2942573317607,2.0,-1.0,2.0,-1.0,0.9889841599418994,0.0,6.993174059809982,32.0,483.9464285712893,2.0,5.277391326185286,121.66428571429333,1.28,7505.392857143124,1422.1785714284579,13,2,0.08333333333333331,0.08333333333333333,0.08333333333333333,30.0,25.0,0.8333333333333334,1.5,20.0,13.0,0.65,0.95,50.0,0.76,50.0,0.76,,,12.0,0.0,38.0,1.0,,,50.0,0.76,,,,,,,,,,
M5@H1,wick_touch,any,any,any,both,limit,zone,fixed_rr,2.0,1.5,none,20,same,any,until_broken,999,0,any,any,any,any,any,any,any,any,own,with_hma_h4,none,20,24,close,156071,6252,74,74,56,18,0.7567567567567568,56,18,10075.321428571442,136.15299227799247,138.7678571428296,173.1916106287656,199.86352040816655,-62.057539682549155,696.7857142857611,-99.53571428573014,94.0,1.2702702702702702,2.0,1.2959081789020128,2.0,-1.0,2.0,-1.0,0.9802162614225763,0.0,8.432139112801488,47.0,170.12500000000728,2.0,10.019694983532862,136.15299227799247,1.2702702702702704,11192.357142857327,1117.0357142858848,12,2,0.08333333333333333,0.08333333333333333,0.08333333333333333,42.0,35.0,0.8333333333333334,1.5,32.0,21.0,0.65625,0.96875,74.0,0.7567567567567568,74.0,0.7567567567567568,,,18.0,0.0,56.0,1.0,,,74.0,0.7567567567567568,,,,,,,,,,
H1@H4,wick_touch,any,any,any,both,limit,zone,fixed_rr,2.0,1.5,none,20,same,any,until_broken,999,0,any,any,any,any,any,any,any,any,own,any,h1,20,24,close,102673,0,0,0,0,0,0.0,0,0,0.0,0.0,0.0,0.0,0.0,0.0,0.0,0.0,0.0,0.0,0.0,0.0,0.0,0.0,0.0,0.0,0.0,0.0,0.0,0.0,0.0,0.0,0.0,0.0,0.0,0.0,0.0,0,0,0.0,0.0,0.0,,,,,,,,,,,,,,,,,,,,,,,,,,,,,,,,
H1@H4,wick_touch,any,any,any,both,limit,zone,fixed_rr,2.0,1.5,none,20,same,any,until_broken,999,0,any,any,any,any,any,any,any,any,own,any,h1,until_reverse,24,close,102673,0,0,0,0,0,0.0,0,0,0.0,0.0,0.0,0.0,0.0,0.0,0.0,0.0,0.0,0.0,0.0,0.0,0.0,0.0,0.0,0.0,0.0,0.0,0.0,0.0,0.0,0.0,0.0,0.0,0.0,0.0,0.0,0,0,0.0,0.0,0.0,,,,,,,,,,,,,,,,,,,,,,,,,,,,,,,,
H1@H4,wick_touch,any,any,any,both,limit,zone,fixed_rr,2.0,1.5,none,20,same,any,until_broken,999,0,any,any,any,any,any,any,any,any,own,any,h4,20,24,close,102673,0,0,0,0,0,0.0,0,0,0.0,0.0,0.0,0.0,0.0,0.0,0.0,0.0,0.0,0.0,0.0,0.0,0.0,0.0,0.0,0.0,0.0,0.0,0.0,0.0,0.0,0.0,0.0,0.0,0.0,0.0,0.0,0,0,0.0,0.0,0.0,,,,,,,,,,,,,,,,,,,,,,,,,,,,,,,,
H1@H4,wick_touch,any,any,any,both,limit,zone,fixed_rr,2.0,1.5,none,20,same,any,until_broken,999,0,any,any,any,any,any,any,any,any,own,any,h4,until_reverse,24,close,102673,0,0,0,0,0,0.0,0,0,0.0,0.0,0.0,0.0,0.0,0.0,0.0,0.0,0.0,0.0,0.0,0.0,0.0,0.0,0.0,0.0,0.0,0.0,0.0,0.0,0.0,0.0,0.0,0.0,0.0,0.0,0.0,0,0,0.0,0.0,0.0,,,,,,,,,,,,,,,,,,,,,,,,,,,,,,,,
H1@D1,wick_touch,any,any,any,both,limit,zone,fixed_rr,2.0,1.5,none,20,same,any,until_broken,999,0,any,any,any,any,any,any,any,any,own,any,h1,20,24,close,69416,0,0,0,0,0,0.0,0,0,0.0,0.0,0.0,0.0,0.0,0.0,0.0,0.0,0.0,0.0,0.0,0.0,0.0,0.0,0.0,0.0,0.0,0.0,0.0,0.0,0.0,0.0,0.0,0.0,0.0,0.0,0.0,0,0,0.0,0.0,0.0,,,,,,,,,,,,,,,,,,,,,,,,,,,,,,,,
H1@D1,wick_touch,any,any,any,both,limit,zone,fixed_rr,2.0,1.5,none,20,same,any,until_broken,999,0,any,any,any,any,any,any,any,any,own,any,h1,until_reverse,24,close,69416,0,0,0,0,0,0.0,0,0,0.0,0.0,0.0,0.0,0.0,0.0,0.0,0.0,0.0,0.0,0.0,0.0,0.0,0.0,0.0,0.0,0.0,0.0,0.0,0.0,0.0,0.0,0.0,0.0,0.0,0.0,0.0,0,0,0.0,0.0,0.0,,,,,,,,,,,,,,,,,,,,,,,,,,,,,,,,
H1@D1,wick_touch,any,any,any,both,limit,zone,fixed_rr,2.0,1.5,none,20,same,any,until_broken,999,0,any,any,any,any,any,any,any,any,own,any,h4,20,24,close,69416,0,0,0,0,0,0.0,0,0,0.0,0.0,0.0,0.0,0.0,0.0,0.0,0.0,0.0,0.0,0.0,0.0,0.0,0.0,0.0,0.0,0.0,0.0,0.0,0.0,0.0,0.0,0.0,0.0,0.0,0.0,0.0,0,0,0.0,0.0,0.0,,,,,,,,,,,,,,,,,,,,,,,,,,,,,,,,
H1@D1,wick_touch,any,any,any,both,limit,zone,fixed_rr,2.0,1.5,none,20,same,any,until_broken,999,0,any,any,any,any,any,any,any,any,own,any,h4,until_reverse,24,close,69416,0,0,0,0,0,0.0,0,0,0.0,0.0,0.0,0.0,0.0,0.0,0.0,0.0,0.0,0.0,0.0,0.0,0.0,0.0,0.0,0.0,0.0,0.0,0.0,0.0,0.0,0.0,0.0,0.0,0.0,0.0,0.0,0,0,0.0,0.0,0.0,,,,,,,,,,,,,,,,,,,,,,,,,,,,,,,,
M15@H4,wick_touch,any,any,any,both,limit,zone,fixed_rr,2.0,1.5,none,20,same,any,until_broken,999,0,any,any,any,any,any,any,any,any,own,any,h1,20,24,close,118270,4419,19,19,14,5,0.7368421052631579,14,5,2597.339285714247,136.7020676691709,127.07142857143481,314.67840180900635,242.9974489795898,-160.925000000002,1117.428571428536,-594.410714285732,23.0,1.2105263157894737,2.0,1.357241785076592,2.0,-1.0,2.0,-1.0,0.8919017444789036,0.0,3.887709571751177,11.5,594.410714285732,2.0,4.228012161832177,136.7020676691709,1.2105263157894735,3401.964285714257,804.62500000001,5,2,0.25,0.25,0.25,13.0,9.0,0.6923076923076923,1.0769230769230769,6.0,5.0,0.8333333333333334,1.5,19.0,0.7368421052631579,19.0,0.7368421052631579,19.0,0.7368421052631579,5.0,0.0,14.0,1.0,,,,,,,,,,,,,,
M15@H4,wick_touch,any,any,any,both,limit,zone,fixed_rr,2.0,1.5,none,20,same,any,until_broken,999,0,any,any,any,any,any,any,any,any,own,any,h1,until_reverse,24,close,118270,7016,24,24,19,5,0.7916666666666666,19,5,3527.6607142857074,146.98586309523782,129.60714285716222,282.9252836266399,228.0150375939851,-160.925000000002,1117.428571428536,-594.410714285732,33.0,1.375,2.0,1.2445533509971602,2.0,-1.0,2.0,-1.0,1.1048140273764266,0.0,5.41246125548306,16.5,594.410714285732,2.0,5.3842295656804895,146.9858630952378,1.375,4332.285714285717,804.62500000001,7,2,0.25,0.25,0.25,14.0,10.0,0.7142857142857143,1.1428571428571428,10.0,9.0,0.9,1.7,24.0,0.7916666666666666,24.0,0.7916666666666666,24.0,0.7916666666666666,5.0,0.0,19.0,1.0,,,,,,,,,,,,,,
M15@H4,wick_touch,any,any,any,both,limit,zone,fixed_rr,2.0,1.5,none,20,same,any,until_broken,999,0,any,any,any,any,any,any,any,any,own,any,h4,20,24,close,118270,1842,8,8,6,2,0.75,6,2,1093.0535714286407,136.63169642858009,159.16071428571286,138.7347734591332,199.33928571429837,-51.49107142857474,380.0000000000182,-52.035714285716494,10.0,1.25,2.0,1.3887301496588271,2.0,-1.0,2.0,-1.0,0.9001028747788695,0.0,2.545875386086578,10.0,52.035714285716494,1.0,11.614010750823642,136.63169642858009,1.25,1196.0357142857902,102.98214285714948,3,1,0.25,0.25,0.25,4.0,2.0,0.5,0.5,4.0,4.0,1.0,2.0,8.0,0.75,8.0,0.75,8.0,0.75,2.0,0.0,6.0,1.0,,,,,,,,,,,,,,
M15@H4,wick_touch,any,any,any,both,limit,zone,fixed_rr,2.0,1.5,none,20,same,any,until_broken,999,0,any,any,any,any,any,any,any,any,own,any,h4,until_reverse,24,close,118270,6808,62,62,50,12,0.8064516129032258,50,12,8138.339285714187,131.26353686635787,141.303571428557,131.34518854977705,183.89785714285608,-88.04613095238476,436.82142857142026,-197.83928571428078,88.0,1.4193548387096775,2.0,1.1949125367097122,2.0,-1.0,2.0,-1.0,1.1878315735292102,0.0,9.35299516296884,44.0,197.83928571428078,2.0,8.702722801561256,131.26353686635784,1.4193548387096773,9194.892857142804,1056.553571428617,12,2,0.25806451612903225,0.255,0.2708333333333333,39.0,31.0,0.7948717948717948,1.3846153846153846,23.0,19.0,0.8260869565217391,1.4782608695652173,62.0,0.8064516129032258,62.0,0.8064516129032258,62.0,0.8064516129032258,12.0,0.0,50.0,1.0,,,,,,,,,,,,,,
M5@H1,wick_touch,any,any,any,both,limit,zone,fixed_rr,2.0,1.5,none,20,same,any,until_broken,999,0,any,any,any,any,any,any,any,any,own,any,h1,20,24,close,156071,3387,19,19,16,3,0.8421052631578947,16,3,3443.000000000029,181.21052631579101,147.78571428569194,198.47529134928567,229.26785714286098,-75.09523809524883,626.7499999999927,-85.1249999999709,29.0,1.5263157894736843,2.0,1.1239029738980326,2.0,-1.0,2.0,-1.0,1.3580494267934564,0.0,5.919600211726015,14.5,154.1607142857174,2.0,16.282815472413922,181.210526315791,1.526315789473684,3668.2857142857756,225.2857142857465,7,2,0.08333333333333333,0.08333333333333333,0.08333333333333333,8.0,7.0,0.875,1.625,11.0,9.0,0.8181818181818182,1.4545454545454546,19.0,0.8421052631578947,19.0,0.8421052631578947,,,3.0,0.0,16.0,1.0,,,19.0,0.8421052631578947,,,,,,,,,,
M5@H1,wick_touch,any,any,any,both,limit,zone,fixed_rr,2.0,1.5,none,20,same,any,until_broken,999,0,any,any,any,any,any,any,any,any,own,any,h1,until_reverse,24,close,156071,9629,67,67,52,15,0.7761194029850746,52,15,8326.607142857938,124.27771855011848,144.21428571431534,170.439817733979,191.09615384616762,-107.35952380951858,626.7499999999927,-364.2678571428405,89.0,1.328358208955224,2.0,1.2599670474465945,2.0,-1.0,2.0,-1.0,1.054280119188219,0.0,8.629654695927305,44.5,364.2678571428405,2.0,6.1705440110007235,124.2777185501185,1.328358208955224,9937.000000000717,1610.3928571427787,8,2,0.08457711442786069,0.08333333333333333,0.08888888888888888,34.0,29.0,0.8529411764705882,1.5588235294117647,33.0,23.0,0.696969696969697,1.0909090909090908,67.0,0.7761194029850746,67.0,0.7761194029850746,,,15.0,0.0,52.0,1.0,,,67.0,0.7761194029850746,,,,,,,,,,
M5@H1,wick_touch,any,any,any,both,limit,zone,fixed_rr,2.0,1.5,none,20,same,any,until_broken,999,0,any,any,any,any,any,any,any,any,own,any,h4,20,24,close,156071,747,6,6,4,2,0.6666666666666666,4,2,989.1785714284651,164.86309523807753,134.1785714285379,271.47927361660595,291.2321428571204,-87.87500000000819,626.7499999999927,-117.62499999999818,6.0,1.0,2.0,1.5491933384829668,2.0,-1.0,2.0,-1.0,0.6454972243679028,0.0,1.5811388300841895,6.0,117.62499999999818,1.0,6.628327575694867,164.8630952380775,0.9999999999999999,1164.9285714284815,175.75000000001637,2,1,0.09722222222222221,0.08333333333333333,0.125,5.0,4.0,0.8,1.4,1.0,0.0,0.0,-1.0,6.0,0.6666666666666666,6.0,0.6666666666666666,,,2.0,0.0,4.0,1.0,,,6.0,0.6666666666666666,,,,,,,,,,
M5@H1,wick_touch,any,any,any,both,limit,zone,fixed_rr,2.0,1.5,none,20,same,any,until_broken,999,0,any,any,any,any,any,any,any,any,own,any,h4,until_reverse,24,close,156071,8074,98,98,69,29,0.7040816326530612,69,29,10314.160714286754,105.24653790088524,103.41071428570103,226.62043493808423,208.43737060042812,-140.27647783250987,904.9642857144136,-481.4642857142644,109.0,1.1122448979591837,2.0,1.3764038985646656,2.0,-1.0,2.0,-1.0,0.8080803164819927,0.0,7.999587001389039,36.333333333333336,1107.5357142855864,3.0,3.535426607377533,105.24653790088524,1.1122448979591837,14382.17857142954,4068.017857142786,7,3,0.08418367346938775,0.08333333333333333,0.08620689655172414,54.0,38.0,0.7037037037037037,1.1111111111111112,44.0,31.0,0.7045454545454546,1.1136363636363635,98.0,0.7040816326530612,98.0,0.7040816326530612,,,29.0,0.0,69.0,1.0,,,98.0,0.7040816326530612,,,,,,,,,,
H1@H4,wick_touch,any,any,any,both,cascade_layered,zone,fixed_rr,2.0,1.5,none,20,same,any,until_broken,999,0,any,any,any,any,any,any,any,any,own,with_hma_h4,none,20,24,close,102673,0,0,0,0,0,0.0,0,0,0.0,0.0,0.0,0.0,0.0,0.0,0.0,0.0,0.0,0.0,0.0,0.0,0.0,0.0,0.0,0.0,0.0,0.0,0.0,0.0,0.0,0.0,0.0,0.0,0.0,0.0,0.0,0,0,0.0,0.0,0.0,,,,,,,,,,,,,,,,,,,,,,,,,,,,,,,,
H1@D1,wick_touch,any,any,any,both,cascade_layered,zone,fixed_rr,2.0,1.5,none,20,same,any,until_broken,999,0,any,any,any,any,any,any,any,any,own,with_hma_h4,none,20,24,close,69416,0,0,0,0,0,0.0,0,0,0.0,0.0,0.0,0.0,0.0,0.0,0.0,0.0,0.0,0.0,0.0,0.0,0.0,0.0,0.0,0.0,0.0,0.0,0.0,0.0,0.0,0.0,0.0,0.0,0.0,0.0,0.0,0,0,0.0,0.0,0.0,,,,,,,,,,,,,,,,,,,,,,,,,,,,,,,,
M15@H4,wick_touch,any,any,any,both,cascade_layered,zone,fixed_rr,2.0,1.5,none,20,same,any,until_broken,999,0,any,any,any,any,any,any,any,any,own,with_hma_h4,none,20,24,close,118270,4013,414,414,41,373,0.09903381642512077,41,373,-156807.75979980401,-378.7627048304445,-300.67857142857974,783.0852002135704,978.7382574555512,-527.9786282988783,2705.8928571428623,-3584.303571428518,-291.0,-0.7028985507246377,-1.0,0.8972064821005911,2.0,-1.0,2.0,-1.0,-0.7834300852117915,0.0,-15.94044406984295,-0.9965753424657534,159287.31337123257,292.0,0.20376296247451284,-378.7627048304445,-0.7028985507246377,40128.2685556776,196936.02835548163,5,55,1.7016908212560387,3.298780487804878,1.5261394101876675,162.0,22.0,0.13580246913580246,-0.5925925925925926,252.0,19.0,0.07539682539682539,-0.7738095238095238,414.0,0.09903381642512077,414.0,0.09903381642512077,414.0,0.09903381642512077,373.0,0.0,41.0,1.0,,,,,,,,,,,,,,
M5@H1,wick_touch,any,any,any,both,cascade_layered,zone,fixed_rr,2.0,1.5,none,20,same,any,until_broken,999,0,any,any,any,any,any,any,any,any,own,with_hma_h4,none,20,24,close,156071,6252,820,820,46,774,0.05609756097560976,46,774,-270421.20144076226,-329.78195297653934,-267.4507610345245,487.7976549798235,813.9891366695219,-397.7580125679073,3053.6767785326447,-2585.124999999971,-682.0,-0.8317073170731707,-1.0,0.6907514000345506,2.0,-1.0,2.0,-1.0,-1.2040617174739996,0.0,-34.479080439867865,-1.0014684287812041,270338.3059546544,681.0,0.12162323279247847,-329.78195297653934,-0.8317073170731707,37443.50028679801,307864.70172756026,3,96,0.40934959349593497,2.2681159420289854,0.2988802756244617,419.0,18.0,0.04295942720763723,-0.8711217183770883,401.0,28.0,0.06982543640897755,-0.7905236907730673,820.0,0.05609756097560976,820.0,0.05609756097560976,,,774.0,0.0,46.0,1.0,,,820.0,0.05609756097560976,,,,,,,,,,
H1@H4,wick_touch,against_daily,any,any,both,market,zone,fixed_rr,2.0,1.5,none,20,same,any,until_broken,999,0,any,any,any,any,any,any,any,any,own,with_hma_h1,none,20,24,close,102673,0,0,0,0,0,0.0,0,0,0.0,0.0,0.0,0.0,0.0,0.0,0.0,0.0,0.0,0.0,0.0,0.0,0.0,0.0,0.0,0.0,0.0,0.0,0.0,0.0,0.0,0.0,0.0,0.0,0.0,0.0,0.0,0,0,0.0,0.0,0.0,,,,,,,,,,,,,,,,,,,,,,,,,,,,,,,,
H1@H4,wick_touch,against_daily,any,any,both,limit,zone,fixed_rr,2.0,1.5,none,20,same,any,until_broken,999,0,any,any,any,any,any,any,any,any,own,with_hma_h1,none,20,24,close,102673,0,0,0,0,0,0.0,0,0,0.0,0.0,0.0,0.0,0.0,0.0,0.0,0.0,0.0,0.0,0.0,0.0,0.0,0.0,0.0,0.0,0.0,0.0,0.0,0.0,0.0,0.0,0.0,0.0,0.0,0.0,0.0,0,0,0.0,0.0,0.0,,,,,,,,,,,,,,,,,,,,,,,,,,,,,,,,
H1@D1,wick_touch,against_daily,any,any,both,market,zone,fixed_rr,2.0,1.5,none,20,same,any,until_broken,999,0,any,any,any,any,any,any,any,any,own,with_hma_h1,none,20,24,close,69416,0,0,0,0,0,0.0,0,0,0.0,0.0,0.0,0.0,0.0,0.0,0.0,0.0,0.0,0.0,0.0,0.0,0.0,0.0,0.0,0.0,0.0,0.0,0.0,0.0,0.0,0.0,0.0,0.0,0.0,0.0,0.0,0,0,0.0,0.0,0.0,,,,,,,,,,,,,,,,,,,,,,,,,,,,,,,,
H1@D1,wick_touch,against_daily,any,any,both,limit,zone,fixed_rr,2.0,1.5,none,20,same,any,until_broken,999,0,any,any,any,any,any,any,any,any,own,with_hma_h1,none,20,24,close,69416,0,0,0,0,0,0.0,0,0,0.0,0.0,0.0,0.0,0.0,0.0,0.0,0.0,0.0,0.0,0.0,0.0,0.0,0.0,0.0,0.0,0.0,0.0,0.0,0.0,0.0,0.0,0.0,0.0,0.0,0.0,0.0,0,0,0.0,0.0,0.0,,,,,,,,,,,,,,,,,,,,,,,,,,,,,,,,
M15@H4,wick_touch,against_daily,any,any,both,market,zone,fixed_rr,2.0,1.5,none,20,same,any,until_broken,999,0,any,any,any,any,any,any,any,any,own,with_hma_h1,none,20,24,close,118270,2816,289,289,103,186,0.356401384083045,103,186,69796.14285714299,241.5091448344048,-1066.871428571426,4747.722727758322,4641.96442441054,-2195.3021121351762,27062.957142857158,-35771.27857142859,20.000000000000004,0.06920415224913497,-1.0,1.4392994980137732,2.0,-1.0,2.000000000000005,-1.0,0.048081828934586845,0.0,0.8173910918879763,1.1764705882352944,58121.907142857344,17.0,1.1709323185190859,241.50914483440442,0.06920415224913501,478122.3357142856,408326.19285714277,6,9,78.60813148788927,89.84708737864078,72.38440860215054,132.0,53.0,0.4015151515151515,0.20454545454545459,157.0,50.0,0.3184713375796178,-0.044585987261146494,289.0,0.356401384083045,289.0,0.356401384083045,289.0,0.356401384083045,186.0,0.0,103.0,1.0,,,,,,,,,,,,,,
M15@H4,wick_touch,against_daily,any,any,both,limit,zone,fixed_rr,2.0,1.5,none,20,same,any,until_broken,999,0,any,any,any,any,any,any,any,any,own,with_hma_h1,none,20,24,close,118270,2816,3,3,3,0,1.0,3,0,708.1071428572159,236.03571428573863,198.14285714287507,129.25310855614498,236.03571428573863,0.0,380.0000000000182,129.9642857143226,6.0,2.0,2.0,0.0,2.0,0.0,2.0,2.0,0.0,0.0,0.0,0.0,0.0,0.0,inf,236.03571428573863,2.0,708.1071428572159,0.0,3,0,0.25,0.25,0.0,2.0,2.0,1.0,2.0,1.0,1.0,1.0,2.0,3.0,1.0,3.0,1.0,3.0,1.0,,,3.0,1.0,,,,,,,,,,,,,,
M5@H1,wick_touch,against_daily,any,any,both,market,zone,fixed_rr,2.0,1.5,none,20,same,any,until_broken,999,0,any,any,any,any,any,any,any,any,own,with_hma_h1,none,20,24,close,156071,2563,282,282,111,171,0.39361702127659576,111,171,125128.24285714288,443.7171732522797,-631.4017857142517,4598.574848817115,3986.971750321749,-1856.2901837928143,44411.685714285704,-16010.39285714287,51.0,0.18085106382978725,-1.0,1.4682603982114888,2.0,-1.0,2.0,-1.0,0.12317369865051511,0.0,2.0684381380809795,1.8214285714285714,53555.614285714255,28.0,1.394197047780845,443.71717325227974,0.18085106382978722,442553.8642857141,317425.62142857123,6,8,20.843676122931445,21.487237237237238,20.425925925925927,105.0,46.0,0.4380952380952381,0.3142857142857143,177.0,65.0,0.3672316384180791,0.1016949152542373,282.0,0.39361702127659576,282.0,0.39361702127659576,,,171.0,0.0,111.0,1.0,,,282.0,0.39361702127659576,,,,,,,,,,
M5@H1,wick_touch,against_daily,any,any,both,limit,zone,fixed_rr,2.0,1.5,none,20,same,any,until_broken,999,0,any,any,any,any,any,any,any,any,own,with_hma_h1,none,20,24,close,156071,2563,18,18,11,7,0.6111111111111112,11,7,1011.1964285716567,56.17757936509204,84.66071428574651,122.78232626305498,142.57142857144242,-79.58418367345855,287.3214285715221,-132.46428571428623,15.0,0.8333333333333334,2.0,1.5048939771136507,2.0,-1.0,2.0,-1.0,0.5537488660374906,0.0,2.349357469496824,7.5,180.67857142855246,2.0,2.8151424816495334,56.17757936509205,0.8333333333333335,1568.2857142858666,557.0892857142098,4,2,0.08333333333333333,0.08333333333333333,0.08333333333333333,11.0,8.0,0.7272727272727273,1.1818181818181819,7.0,3.0,0.42857142857142855,0.2857142857142857,18.0,0.6111111111111112,18.0,0.6111111111111112,,,7.0,0.0,11.0,1.0,,,18.0,0.6111111111111112,,,,,,,,,,
